22.02   -3.58   874.47   0.18   0.00   0.00   5.64   180.59
12.88   -6.27   883.53   0.26   0.00   0.00   2.69   239.20
31.86   1.84   874.72   0.15   0.00   0.00   2.70   192.56
20.06   -4.34   874.83   0.19   0.00   0.00   3.64   145.72
30.13   3.83   878.38   0.19   0.00   0.00   3.26   144.10
26.24   -3.55   879.05   0.14   0.00   0.00   2.96   201.24
32.48   1.24   874.97   0.14   0.01   0.00   5.03   147.84
25.62   4.79   877.78   0.26   0.00   0.00   5.66   317.21
23.51   -3.59   875.03   0.16   0.00   0.00   4.76   166.02
31.75   4.43   879.52   0.18   0.00   0.00   3.02   130.76
18.95   -4.92   869.26   0.20   0.00   0.00   12.06   239.30
32.37   5.23   879.35   0.18   0.00   0.00   4.27   153.29
9.15   -6.34   872.07   0.33   0.00   0.00   2.32   189.80
25.62   4.79   877.78   0.26   0.00   0.00   5.66   317.21
18.70   -5.79   874.62   0.19   0.00   0.00   4.19   145.38
31.75   4.43   879.52   0.18   0.00   0.00   3.02   130.76
23.51   -3.59   875.03   0.16   0.00   0.00   4.76   166.02
20.06   -4.34   874.83   0.19   0.00   0.00   3.64   145.72
31.20   3.97   877.49   0.18   0.00   0.00   6.80   193.06
12.88   -6.27   883.53   0.26   0.00   0.00   2.69   239.20
30.13   3.83   878.38   0.19   0.00   0.00   3.26   144.10
31.86   1.84   874.72   0.15   0.00   0.00   2.70   192.56
32.48   1.24   874.97   0.14   0.01   0.00   5.03   147.84
31.86   1.84   874.72   0.15   0.00   0.00   2.70   192.56
22.98   4.82   877.69   0.31   0.03   0.00   3.13   167.84
31.20   3.97   877.49   0.18   0.00   0.00   6.80   193.06
20.06   -4.34   874.83   0.19   0.00   0.00   3.64   145.72
21.42   -7.95   874.37   0.13   0.01   0.00   3.90   168.88
9.15   -6.34   872.07   0.33   0.00   0.00   2.32   189.80
18.70   -5.79   874.62   0.19   0.00   0.00   4.19   145.38
23.51   -3.59   875.03   0.16   0.00   0.00   4.76   166.02
25.62   4.79   877.78   0.26   0.00   0.00   5.66   317.21
32.37   5.23   879.35   0.18   0.00   0.00   4.27   153.29
32.37   5.23   879.35   0.18   0.00   0.00   4.27   153.29
31.75   4.43   879.52   0.18   0.00   0.00   3.02   130.76
31.20   3.97   877.49   0.18   0.00   0.00   6.80   193.06
22.98   4.82   877.69   0.31   0.03   0.00   3.13   167.84
32.48   1.24   874.97   0.14   0.01   0.00   5.03   147.84
30.13   3.83   878.38   0.19   0.00   0.00   3.26   144.10
9.78   -13.97   875.45   0.17   0.00   0.00   3.57   261.90
35.63   2.28   878.09   0.12   0.23   0.00   5.13   214.87
20.66   -7.60   876.09   0.14   0.05   0.00   3.03   163.25
13.67   -2.93   876.33   0.32   0.00   0.00   3.78   48.01
26.61   -2.37   879.11   0.15   0.00   0.00   3.02   256.14
26.41   3.83   876.00   0.23   0.00   0.00   2.65   141.29
7.67   -5.56   883.38   0.39   0.00   0.00   2.07   175.91
17.25   -6.09   874.01   0.20   0.00   0.00   3.61   134.68
19.91   -8.33   874.49   0.14   0.00   0.00   3.24   129.12
24.19   4.27   877.21   0.28   0.03   0.00   3.89   144.14
26.84   3.87   875.51   0.23   0.00   0.00   3.53   124.57
36.80   0.31   878.27   0.10   0.23   0.00   5.56   197.21
31.60   9.30   880.18   0.25   0.01   0.00   3.45   233.56
4.68   -13.12   876.42   0.26   0.00   0.00   1.61   232.03
36.80   0.31   878.27   0.10   0.23   0.00   5.56   197.21
31.60   9.30   880.18   0.25   0.01   0.00   3.45   233.56
19.68   5.90   877.75   0.41   0.03   0.00   2.23   232.40
26.84   3.87   875.51   0.23   0.00   0.00   3.53   124.57
17.25   -6.09   874.01   0.20   0.00   0.00   3.61   134.68
19.91   -8.33   874.49   0.14   0.00   0.00   3.24   129.12
26.61   -2.37   879.11   0.15   0.00   0.00   3.02   256.14
25.46   5.95   876.62   0.31   0.45   0.00   8.00   89.80
7.67   -5.56   883.38   0.39   0.00   0.00   2.07   175.91
30.17   3.11   877.20   0.18   0.00   0.00   4.85   113.11
35.63   2.28   878.09   0.12   0.23   0.00   5.13   214.87
28.78   3.80   875.13   0.20   0.00   0.00   7.24   81.45
25.46   5.95   876.62   0.31   0.45   0.00   8.00   89.80
26.88   -6.01   878.90   0.11   0.00   0.00   3.61   166.21
19.68   5.90   877.75   0.41   0.03   0.00   2.23   232.40
27.93   2.22   875.41   0.19   0.29   0.00   4.04   174.81
27.93   2.22   875.41   0.19   0.29   0.00   4.04   174.81
26.84   3.87   875.51   0.23   0.00   0.00   3.53   124.57
24.19   4.27   877.21   0.28   0.03   0.00   3.89   144.14
26.41   3.83   876.00   0.23   0.00   0.00   2.65   141.29
7.67   -5.56   883.38   0.39   0.00   0.00   2.07   175.91
25.46   5.95   876.62   0.31   0.45   0.00   8.00   89.80
24.71   0.17   872.56   0.20   0.00   0.00   4.72   239.69
26.61   -2.37   879.11   0.15   0.00   0.00   3.02   256.14
28.78   3.80   875.13   0.20   0.00   0.00   7.24   81.45
35.63   2.28   878.09   0.12   0.23   0.00   5.13   214.87
13.67   -2.93   876.33   0.32   0.00   0.00   3.78   48.01
24.19   4.27   877.21   0.28   0.03   0.00   3.89   144.14
19.68   5.90   877.75   0.41   0.03   0.00   2.23   232.40
26.84   3.87   875.51   0.23   0.00   0.00   3.53   124.57
9.78   -13.97   875.45   0.17   0.00   0.00   3.57   261.90
35.63   2.28   878.09   0.12   0.23   0.00   5.13   214.87
18.53   4.73   875.90   0.40   0.00   0.00   7.40   332.00
13.67   -2.93   876.33   0.32   0.00   0.00   3.78   48.01
26.61   -2.37   879.11   0.15   0.00   0.00   3.02   256.14
24.71   0.17   872.56   0.20   0.00   0.00   4.72   239.69
26.88   -6.01   878.90   0.11   0.00   0.00   3.61   166.21
26.41   3.83   876.00   0.23   0.00   0.00   2.65   141.29
25.46   5.95   876.62   0.31   0.45   0.00   8.00   89.80
26.88   -6.01   878.90   0.11   0.00   0.00   3.61   166.21
26.61   -2.37   879.11   0.15   0.00   0.00   3.02   256.14
13.67   -2.93   876.33   0.32   0.00   0.00   3.78   48.01
18.53   4.73   875.90   0.40   0.00   0.00   7.40   332.00
30.17   3.11   877.20   0.18   0.00   0.00   4.85   113.11
4.68   -13.12   876.42   0.26   0.00   0.00   1.61   232.03
27.93   2.22   875.41   0.19   0.29   0.00   4.04   174.81
24.19   4.27   877.21   0.28   0.03   0.00   3.89   144.14
19.68   5.90   877.75   0.41   0.03   0.00   2.23   232.40
19.68   5.90   877.75   0.41   0.03   0.00   2.23   232.40
23.36   8.06   881.52   0.38   0.00   0.00   5.00   289.95
17.25   -6.09   874.01   0.20   0.00   0.00   3.61   134.68
30.17   3.11   877.20   0.18   0.00   0.00   4.85   113.11
35.63   2.28   878.09   0.12   0.23   0.00   5.13   214.87
28.78   3.80   875.13   0.20   0.00   0.00   7.24   81.45
26.41   3.83   876.00   0.23   0.00   0.00   2.65   141.29
25.46   5.95   876.62   0.31   0.45   0.00   8.00   89.80
26.88   -6.01   878.90   0.11   0.00   0.00   3.61   166.21
26.41   3.83   876.00   0.23   0.00   0.00   2.65   141.29
7.67   -5.56   883.38   0.39   0.00   0.00   2.07   175.91
26.61   -2.37   879.11   0.15   0.00   0.00   3.02   256.14
25.46   5.95   876.62   0.31   0.45   0.00   8.00   89.80
28.78   3.80   875.13   0.20   0.00   0.00   7.24   81.45
30.17   3.11   877.20   0.18   0.00   0.00   4.85   113.11
9.78   -13.97   875.45   0.17   0.00   0.00   3.57   261.90
35.63   2.28   878.09   0.12   0.23   0.00   5.13   214.87
13.67   -2.93   876.33   0.32   0.00   0.00   3.78   48.01
36.80   0.31   878.27   0.10   0.23   0.00   5.56   197.21
31.60   9.30   880.18   0.25   0.01   0.00   3.45   233.56
26.84   3.87   875.51   0.23   0.00   0.00   3.53   124.57
24.19   4.27   877.21   0.28   0.03   0.00   3.89   144.14
25.62   4.79   877.78   0.26   0.00   0.00   5.66   317.21
23.51   -3.59   875.03   0.16   0.00   0.00   4.76   166.02
9.15   -6.34   872.07   0.33   0.00   0.00   2.32   189.80
32.37   5.23   879.35   0.18   0.00   0.00   4.27   153.29
32.87   5.31   878.73   0.18   0.00   0.00   9.25   149.26
30.13   3.83   878.38   0.19   0.00   0.00   3.26   144.10
31.86   1.84   874.72   0.15   0.00   0.00   2.70   192.56
26.24   -3.55   879.05   0.14   0.00   0.00   2.96   201.24
32.48   1.24   874.97   0.14   0.01   0.00   5.03   147.84
21.42   -7.95   874.37   0.13   0.01   0.00   3.90   168.88
20.06   -4.34   874.83   0.19   0.00   0.00   3.64   145.72
20.06   -4.34   874.83   0.19   0.00   0.00   3.64   145.72
21.42   -7.95   874.37   0.13   0.01   0.00   3.90   168.88
31.86   1.84   874.72   0.15   0.00   0.00   2.70   192.56
30.13   3.83   878.38   0.19   0.00   0.00   3.26   144.10
32.48   1.24   874.97   0.14   0.01   0.00   5.03   147.84
22.98   4.82   877.69   0.31   0.03   0.00   3.13   167.84
32.87   5.31   878.73   0.18   0.00   0.00   9.25   149.26
9.15   -6.34   872.07   0.33   0.00   0.00   2.32   189.80
25.62   4.79   877.78   0.26   0.00   0.00   5.66   317.21
23.51   -3.59   875.03   0.16   0.00   0.00   4.76   166.02
18.70   -5.79   874.62   0.19   0.00   0.00   4.19   145.38
9.15   -6.34   872.07   0.33   0.00   0.00   2.32   189.80
18.95   -4.92   869.26   0.20   0.00   0.00   12.06   239.30
23.51   -3.59   875.03   0.16   0.00   0.00   4.76   166.02
25.62   4.79   877.78   0.26   0.00   0.00   5.66   317.21
32.37   5.23   879.35   0.18   0.00   0.00   4.27   153.29
31.86   1.84   874.72   0.15   0.00   0.00   2.70   192.56
22.02   -3.58   874.47   0.18   0.00   0.00   5.64   180.59
31.20   3.97   877.49   0.18   0.00   0.00   6.80   193.06
20.06   -4.34   874.83   0.19   0.00   0.00   3.64   145.72
21.42   -7.95   874.37   0.13   0.01   0.00   3.90   168.88
31.20   3.97   877.49   0.18   0.00   0.00   6.80   193.06
22.02   -3.58   874.47   0.18   0.00   0.00   5.64   180.59
26.24   -3.55   879.05   0.14   0.00   0.00   2.96   201.24
32.48   1.24   874.97   0.14   0.01   0.00   5.03   147.84
30.13   3.83   878.38   0.19   0.00   0.00   3.26   144.10
32.37   5.23   879.35   0.18   0.00   0.00   4.27   153.29
32.87   5.31   878.73   0.18   0.00   0.00   9.25   149.26
31.75   4.43   879.52   0.18   0.00   0.00   3.02   130.76
18.95   -4.92   869.26   0.20   0.00   0.00   12.06   239.30
6.22   -6.80   880.47   0.39   0.00   0.00   1.47   308.10
6.22   -6.80   880.47   0.39   0.00   0.00   1.47   308.10
4.01   -6.72   882.66   0.46   0.00   0.00   1.72   216.68
19.06   -8.19   864.22   0.15   0.00   0.00   1.98   168.20
19.06   -8.19   864.22   0.15   0.00   0.00   1.98   168.20
19.06   -8.19   864.22   0.15   0.00   0.00   1.98   168.20
19.06   -8.19   864.22   0.15   0.00   0.00   1.98   168.20
19.06   -8.19   864.22   0.15   0.00   0.00   1.98   168.20
19.06   -8.19   864.22   0.15   0.00   0.00   1.98   168.20
11.76   -4.83   883.06   0.31   0.00   0.00   1.03   180.93
16.17   -4.91   880.98   0.23   0.05   0.00   1.55   228.21
16.17   -4.91   880.98   0.23   0.05   0.00   1.55   228.21
16.17   -4.91   880.98   0.23   0.05   0.00   1.55   228.21
16.17   -4.91   880.98   0.23   0.05   0.00   1.55   228.21
16.17   -4.91   880.98   0.23   0.05   0.00   1.55   228.21
16.17   -4.91   880.98   0.23   0.05   0.00   1.55   228.21
3.08   -10.26   882.31   0.37   0.00   0.00   1.66   229.79
3.08   -10.26   882.31   0.37   0.00   0.00   1.66   229.79
3.08   -10.26   882.31   0.37   0.00   0.00   1.66   229.79
3.08   -10.26   882.31   0.37   0.00   0.00   1.66   229.79
3.08   -10.26   882.31   0.37   0.00   0.00   1.66   229.79
10.48   -6.50   879.51   0.30   0.00   0.00   2.87   203.53
10.48   -6.50   879.51   0.30   0.00   0.00   2.87   203.53
10.48   -6.50   879.51   0.30   0.00   0.00   2.87   203.53
20.47   -5.51   878.92   0.17   0.04   0.00   5.05   162.59
9.04   -6.47   881.82   0.33   0.00   0.00   1.94   214.54
19.02   -5.16   879.86   0.19   0.05   0.00   1.91   168.80
19.02   -5.16   879.86   0.19   0.05   0.00   1.91   168.80
19.02   -5.16   879.86   0.19   0.05   0.00   1.91   168.80
19.02   -5.16   879.86   0.19   0.05   0.00   1.91   168.80
19.02   -5.16   879.86   0.19   0.05   0.00   1.91   168.80
19.02   -5.16   879.86   0.19   0.05   0.00   1.91   168.80
9.41   -0.65   862.99   0.50   0.08   0.00   6.73   299.56
9.41   -0.65   862.99   0.50   0.08   0.00   6.73   299.56
16.49   -5.54   880.55   0.22   0.00   0.00   2.55   151.85
24.71   0.17   872.56   0.20   0.00   0.00   4.72   239.69
27.93   2.22   875.41   0.19   0.29   0.00   4.04   174.81
32.87   5.31   878.73   0.18   0.00   0.00   9.25   149.26
30.37   -1.14   878.77   0.13   0.00   0.00   5.08   303.44
23.36   8.06   881.52   0.38   0.00   0.00   5.00   289.95
9.78   -13.97   875.45   0.17   0.00   0.00   3.57   261.90
5.41   -13.20   876.26   0.25   0.00   0.00   2.07   259.17
4.68   -13.12   876.42   0.26   0.00   0.00   1.61   232.03
22.02   -3.58   874.47   0.18   0.00   0.00   5.64   180.59
22.02   -3.58   874.47   0.18   0.00   0.00   5.64   180.59
18.70   -5.79   874.62   0.19   0.00   0.00   4.19   145.38
18.70   -5.79   874.62   0.19   0.00   0.00   4.19   145.38
17.25   -6.09   874.01   0.20   0.00   0.00   3.61   134.68
20.66   -7.60   876.09   0.14   0.05   0.00   3.03   163.25
20.66   -7.60   876.09   0.14   0.05   0.00   3.03   163.25
21.42   -7.95   874.37   0.13   0.01   0.00   3.90   168.88
19.91   -8.33   874.49   0.14   0.00   0.00   3.24   129.12
30.55   3.23   875.42   0.18   0.00   0.00   7.32   38.92
4.39   1.98   876.98   0.84   5.19   0.00   3.54   138.35
4.39   1.98   876.98   0.84   5.19   0.00   3.54   138.35
5.27   2.29   868.39   0.81   0.18   0.00   5.01   159.88
5.27   2.29   868.39   0.81   0.18   0.00   5.01   159.88
5.27   2.29   868.39   0.81   0.18   0.00   5.01   159.88
5.27   2.29   868.39   0.81   0.18   0.00   5.01   159.88
5.27   2.29   868.39   0.81   0.18   0.00   5.01   159.88
5.27   2.29   868.39   0.81   0.18   0.00   5.01   159.88
5.98   -1.03   880.23   0.61   0.05   0.00   4.31   149.92
2.67   0.67   877.16   0.87   2.16   0.00   7.20   136.35
2.67   0.67   877.16   0.87   2.16   0.00   7.20   136.35
2.67   0.67   877.16   0.87   2.16   0.00   7.20   136.35
2.67   0.67   877.16   0.87   2.16   0.00   7.20   136.35
2.67   0.67   877.16   0.87   2.16   0.00   7.20   136.35
2.67   0.67   877.16   0.87   2.16   0.00   7.20   136.35
19.56   -5.71   867.26   0.18   0.20   0.00   9.07   185.20
19.56   -5.71   867.26   0.18   0.20   0.00   9.07   185.20
19.56   -5.71   867.26   0.18   0.20   0.00   9.07   185.20
19.56   -5.71   867.26   0.18   0.20   0.00   9.07   185.20
19.56   -5.71   867.26   0.18   0.20   0.00   9.07   185.20
19.56   -5.71   867.26   0.18   0.20   0.00   9.07   185.20
7.13   0.18   875.04   0.61   2.44   0.00   6.60   148.99
7.13   0.18   875.04   0.61   2.44   0.00   6.60   148.99
7.13   0.18   875.04   0.61   2.44   0.00   6.60   148.99
7.13   0.18   875.04   0.61   2.44   0.00   6.60   148.99
7.13   0.18   875.04   0.61   2.44   0.00   6.60   148.99
7.13   0.18   875.04   0.61   2.44   0.00   6.60   148.99
5.58   -8.55   866.45   0.36   0.00   0.00   3.67   147.68
5.58   -8.55   866.45   0.36   0.00   0.00   3.67   147.68
5.58   -8.55   866.45   0.36   0.00   0.00   3.67   147.68
5.58   -8.55   866.45   0.36   0.00   0.00   3.67   147.68
5.58   -8.55   866.45   0.36   0.00   0.00   3.67   147.68
5.58   -8.55   866.45   0.36   0.00   0.00   3.67   147.68
1.92   0.05   877.99   0.87   6.50   0.00   4.91   145.57
1.92   0.05   877.99   0.87   6.50   0.00   4.91   145.57
1.92   0.05   877.99   0.87   6.50   0.00   4.91   145.57
1.92   0.05   877.99   0.87   6.50   0.00   4.91   145.57
1.92   0.05   877.99   0.87   6.50   0.00   4.91   145.57
1.92   0.05   877.99   0.87   6.50   0.00   4.91   145.57
10.74   -2.34   877.75   0.40   0.00   0.00   5.58   193.49
10.74   -2.34   877.75   0.40   0.00   0.00   5.58   193.49
10.74   -2.34   877.75   0.40   0.00   0.00   5.58   193.49
10.74   -2.34   877.75   0.40   0.00   0.00   5.58   193.49
10.74   -2.34   877.75   0.40   0.00   0.00   5.58   193.49
6.61   -1.28   880.12   0.57   0.05   0.00   3.96   141.51
6.61   -1.28   880.12   0.57   0.05   0.00   3.96   141.51
5.70   3.35   876.97   0.85   4.87   0.00   3.46   183.78
5.70   3.35   876.97   0.85   4.87   0.00   3.46   183.78
5.70   3.35   876.97   0.85   4.87   0.00   3.46   183.78
5.70   3.35   876.97   0.85   4.87   0.00   3.46   183.78
5.70   3.35   876.97   0.85   4.87   0.00   3.46   183.78
5.70   3.35   876.97   0.85   4.87   0.00   3.46   183.78
8.98   -2.73   878.27   0.44   0.00   0.00   6.80   333.08
8.98   -2.73   878.27   0.44   0.00   0.00   6.80   333.08
8.98   -2.73   878.27   0.44   0.00   0.00   6.80   333.08
3.81   -2.44   876.49   0.64   0.00   0.00   7.73   117.86
3.81   -2.44   876.49   0.64   0.00   0.00   7.73   117.86
3.81   -2.44   876.49   0.64   0.00   0.00   7.73   117.86
3.81   -2.44   876.49   0.64   0.00   0.00   7.73   117.86
18.94   -2.52   872.58   0.23   0.05   0.00   2.26   201.11
18.94   -2.52   872.58   0.23   0.05   0.00   2.26   201.11
18.94   -2.52   872.58   0.23   0.05   0.00   2.26   201.11
18.94   -2.52   872.58   0.23   0.05   0.00   2.26   201.11
14.71   -0.38   876.04   0.36   0.04   0.00   6.98   181.03
14.71   -0.38   876.04   0.36   0.04   0.00   6.98   181.03
14.71   -0.38   876.04   0.36   0.04   0.00   6.98   181.03
14.71   -0.38   876.04   0.36   0.04   0.00   6.98   181.03
9.72   -3.06   871.91   0.41   0.05   0.00   11.40   174.98
9.72   -3.06   871.91   0.41   0.05   0.00   11.40   174.98
9.72   -3.06   871.91   0.41   0.05   0.00   11.40   174.98
9.72   -3.06   871.91   0.41   0.05   0.00   11.40   174.98
9.72   -3.06   871.91   0.41   0.05   0.00   11.40   174.98
9.72   -3.06   871.91   0.41   0.05   0.00   11.40   174.98
13.47   -2.83   877.69   0.32   0.13   0.00   9.41   183.16
4.75   1.58   876.41   0.80   0.00   0.00   2.71   144.72
4.75   1.58   876.41   0.80   0.00   0.00   2.71   144.72
6.80   -0.08   869.86   0.62   0.08   0.00   7.36   183.29
6.80   -0.08   869.86   0.62   0.08   0.00   7.36   183.29
6.80   -0.08   869.86   0.62   0.08   0.00   7.36   183.29
6.80   -0.08   869.86   0.62   0.08   0.00   7.36   183.29
6.80   -0.08   869.86   0.62   0.08   0.00   7.36   183.29
6.80   -0.08   869.86   0.62   0.08   0.00   7.36   183.29
11.38   -6.32   880.75   0.28   0.00   0.00   5.78   97.45
11.38   -6.32   880.75   0.28   0.00   0.00   5.78   97.45
11.38   -6.32   880.75   0.28   0.00   0.00   5.78   97.45
11.38   -6.32   880.75   0.28   0.00   0.00   5.78   97.45
3.55   -2.51   878.86   0.65   0.00   0.00   4.01   67.32
3.55   -2.51   878.86   0.65   0.00   0.00   4.01   67.32
3.55   -2.51   878.86   0.65   0.00   0.00   4.01   67.32
3.55   -2.51   878.86   0.65   0.00   0.00   4.01   67.32
11.28   2.30   870.28   0.54   0.00   0.00   2.10   173.42
11.28   2.30   870.28   0.54   0.00   0.00   2.10   173.42
11.28   2.30   870.28   0.54   0.00   0.00   2.10   173.42
11.28   2.30   870.28   0.54   0.00   0.00   2.10   173.42
7.72   -11.19   873.56   0.25   0.00   0.00   4.09   95.91
16.78   -9.19   874.35   0.16   0.00   0.00   7.66   180.31
13.83   -5.95   870.39   0.25   0.00   0.00   2.92   231.38
13.83   -5.95   870.39   0.25   0.00   0.00   2.92   231.38
8.50   -0.98   869.98   0.52   0.06   0.00   8.78   164.63
8.50   -0.98   869.98   0.52   0.06   0.00   8.78   164.63
8.50   -0.98   869.98   0.52   0.06   0.00   8.78   164.63
8.50   -0.98   869.98   0.52   0.06   0.00   8.78   164.63
8.50   -0.98   869.98   0.52   0.06   0.00   8.78   164.63
8.50   -0.98   869.98   0.52   0.06   0.00   8.78   164.63
-0.41   -6.24   872.43   0.65   0.00   0.00   0.78   155.05
-0.41   -6.24   872.43   0.65   0.00   0.00   0.78   155.05
4.83   1.82   869.13   0.81   0.20   0.00   7.35   159.29
4.83   1.82   869.13   0.81   0.20   0.00   7.35   159.29
4.83   1.82   869.13   0.81   0.20   0.00   7.35   159.29
4.83   1.82   869.13   0.81   0.20   0.00   7.35   159.29
4.83   1.82   869.13   0.81   0.20   0.00   7.35   159.29
4.83   1.82   869.13   0.81   0.20   0.00   7.35   159.29
7.76   -1.30   877.06   0.53   0.00   0.00   2.80   143.40
7.76   -1.30   877.06   0.53   0.00   0.00   2.80   143.40
7.76   -1.30   877.06   0.53   0.00   0.00   2.80   143.40
7.53   -9.23   872.08   0.30   0.00   0.00   7.12   180.46
7.53   -9.23   872.08   0.30   0.00   0.00   7.12   180.46
7.53   -9.23   872.08   0.30   0.00   0.00   7.12   180.46
7.53   -9.23   872.08   0.30   0.00   0.00   7.12   180.46
16.54   -9.64   871.40   0.16   0.00   0.00   10.16   192.52
16.54   -9.64   871.40   0.16   0.00   0.00   10.16   192.52
16.54   -9.64   871.40   0.16   0.00   0.00   10.16   192.52
7.27   0.22   868.86   0.61   0.00   0.00   2.61   144.43
7.27   0.22   868.86   0.61   0.00   0.00   2.61   144.43
7.27   0.22   868.86   0.61   0.00   0.00   2.61   144.43
7.27   0.22   868.86   0.61   0.00   0.00   2.61   144.43
7.27   0.22   868.86   0.61   0.00   0.00   2.61   144.43
7.27   0.22   868.86   0.61   0.00   0.00   2.61   144.43
4.89   -5.93   871.10   0.46   0.00   0.00   4.89   160.36
17.36   -1.81   875.41   0.27   0.05   0.00   1.63   235.45
17.36   -1.81   875.41   0.27   0.05   0.00   1.63   235.45
17.36   -1.81   875.41   0.27   0.05   0.00   1.63   235.45
17.36   -1.81   875.41   0.27   0.05   0.00   1.63   235.45
17.36   -1.81   875.41   0.27   0.05   0.00   1.63   235.45
6.40   4.26   881.96   0.86   6.93   0.00   0.80   160.42
6.13   4.13   881.61   0.87   6.99   0.00   1.60   114.00
6.13   4.13   881.61   0.87   6.99   0.00   1.60   114.00
12.42   -3.66   870.35   0.33   0.00   0.00   5.83   28.81
9.24   -4.01   872.97   0.39   0.00   0.00   10.53   147.06
9.24   -4.01   872.97   0.39   0.00   0.00   10.53   147.06
9.24   -4.01   872.97   0.39   0.00   0.00   10.53   147.06
9.24   -4.01   872.97   0.39   0.00   0.00   10.53   147.06
9.24   -4.01   872.97   0.39   0.00   0.00   10.53   147.06
9.24   -4.01   872.97   0.39   0.00   0.00   10.53   147.06
2.81   -9.22   881.53   0.41   0.00   0.00   2.53   292.59
2.81   -9.22   881.53   0.41   0.00   0.00   2.53   292.59
2.81   -9.22   881.53   0.41   0.00   0.00   2.53   292.59
2.81   -9.22   881.53   0.41   0.00   0.00   2.53   292.59
4.50   -1.53   869.25   0.65   0.23   0.00   9.27   141.63
4.50   -1.53   869.25   0.65   0.23   0.00   9.27   141.63
4.50   -1.53   869.25   0.65   0.23   0.00   9.27   141.63
4.50   -1.53   869.25   0.65   0.23   0.00   9.27   141.63
4.50   -1.53   869.25   0.65   0.23   0.00   9.27   141.63
4.50   -1.53   869.25   0.65   0.23   0.00   9.27   141.63
7.05   -6.45   882.06   0.38   0.00   0.00   3.70   162.51
7.05   -6.45   882.06   0.38   0.00   0.00   3.70   162.51
7.05   -6.45   882.06   0.38   0.00   0.00   3.70   162.51
17.19   -7.65   870.56   0.18   0.00   0.00   9.28   160.70
15.27   -0.22   877.08   0.35   0.00   0.00   5.31   176.60
1.95   -2.34   874.67   0.73   0.00   0.00   2.89   166.29
1.95   -2.34   874.67   0.73   0.00   0.00   2.89   166.29
1.95   -2.34   874.67   0.73   0.00   0.00   2.89   166.29
1.95   -2.34   874.67   0.73   0.00   0.00   2.89   166.29
1.95   -2.34   874.67   0.73   0.00   0.00   2.89   166.29
1.95   -2.34   874.67   0.73   0.00   0.00   2.89   166.29
9.21   2.68   869.96   0.64   0.00   0.00   3.13   154.75
9.21   2.68   869.96   0.64   0.00   0.00   3.13   154.75
9.21   2.68   869.96   0.64   0.00   0.00   3.13   154.75
9.21   2.68   869.96   0.64   0.00   0.00   3.13   154.75
9.21   2.68   869.96   0.64   0.00   0.00   3.13   154.75
9.21   2.68   869.96   0.64   0.00   0.00   3.13   154.75
7.98   0.62   878.83   0.60   0.00   0.00   3.63   193.79
7.98   0.62   878.83   0.60   0.00   0.00   3.63   193.79
7.98   0.62   878.83   0.60   0.00   0.00   3.63   193.79
7.98   0.62   878.83   0.60   0.00   0.00   3.63   193.79
7.98   0.62   878.83   0.60   0.00   0.00   3.63   193.79
7.98   0.62   878.83   0.60   0.00   0.00   3.63   193.79
13.74   -7.93   878.18   0.22   0.00   0.00   6.86   173.52
17.85   -1.98   873.51   0.26   0.05   0.00   1.74   146.30
17.85   -1.98   873.51   0.26   0.05   0.00   1.74   146.30
17.85   -1.98   873.51   0.26   0.05   0.00   1.74   146.30
17.85   -1.98   873.51   0.26   0.05   0.00   1.74   146.30
17.85   -1.98   873.51   0.26   0.05   0.00   1.74   146.30
