6.75   -5.76   878.20   0.41   0.03   0.00   1.80   121.44
8.15   -7.05   873.59   0.33   0.00   0.00   6.20   321.32
35.35   -2.08   875.04   0.09   0.00   0.00   1.59   287.37
26.93   6.49   877.75   0.27   0.03   0.00   3.36   305.75
17.93   -20.65   876.14   0.06   0.00   0.00   4.26   140.21
21.42   -7.95   874.37   0.13   0.01   0.00   3.90   168.88
8.15   -8.42   873.26   0.30   0.00   0.00   3.71   185.08
24.21   -14.22   881.39   0.07   0.00   0.00   5.41   161.32
25.72   -6.09   880.13   0.12   0.00   0.00   3.71   166.65
7.04   -15.41   884.75   0.19   0.00   0.00   7.66   290.75
9.49   -5.83   877.97   0.34   0.00   0.00   2.83   319.16
18.36   8.54   881.14   0.53   0.00   0.00   1.92   248.03
19.78   -8.98   873.16   0.14   0.00   0.00   1.99   204.84
20.81   -11.40   878.44   0.11   0.00   0.00   3.74   222.47
13.75   -0.17   879.26   0.39   0.00   0.00   6.04   110.95
19.84   -14.14   875.72   0.09   0.00   0.00   5.10   161.05
30.37   -1.14   878.77   0.13   0.00   0.00   5.08   303.44
14.83   -0.13   884.22   0.36   0.00   0.00   1.96   237.66
4.29   -12.07   878.58   0.29   0.00   0.00   2.12   258.55
0.64   -15.36   880.46   0.29   0.00   0.00   2.32   328.81
13.31   -5.59   888.24   0.27   0.02   0.00   2.43   312.38
13.28   -8.97   875.73   0.21   0.00   0.00   3.19   125.39
15.20   1.40   877.08   0.39   0.00   0.00   1.90   235.40
22.78   -8.86   874.48   0.11   0.00   0.00   5.33   176.47
31.40   -3.69   881.58   0.10   0.00   0.00   2.61   185.52
21.39   6.37   877.97   0.38   0.00   0.00   3.29   204.29
16.84   5.95   876.17   0.49   0.00   0.00   2.63   222.75
-1.17   -17.29   877.12   0.29   0.00   0.00   2.25   211.72
30.31   -5.69   873.34   0.09   0.00   0.00   4.71   243.53
5.41   -13.20   876.26   0.25   0.00   0.00   2.07   259.17
22.36   6.50   876.12   0.36   0.00   0.00   5.32   296.07
22.33   -12.03   879.48   0.09   0.00   0.00   3.91   134.95
24.53   -0.81   880.82   0.19   0.00   0.00   4.60   156.27
30.18   4.74   875.28   0.20   0.00   0.00   4.52   157.74
9.15   -6.34   872.07   0.33   0.00   0.00   2.32   189.80
16.38   3.32   876.76   0.42   0.05   0.00   0.86   198.48
32.87   5.31   878.73   0.18   0.00   0.00   9.25   149.26
15.90   -19.89   879.43   0.07   0.25   0.00   1.33   182.86
17.39   6.09   876.69   0.47   0.00   0.00   4.86   15.72
0.58   -6.51   880.56   0.59   0.00   0.00   2.18   273.33
15.53   -2.96   882.15   0.28   0.00   0.00   2.05   210.20
23.08   -3.42   878.77   0.17   0.00   0.00   5.97   323.55
0.58   -6.51   880.56   0.59   0.00   0.00   2.18   273.33
17.39   6.09   876.69   0.47   0.00   0.00   4.86   15.72
10.97   -4.56   879.62   0.33   0.00   0.00   9.09   83.99
23.08   -3.42   878.77   0.17   0.00   0.00   5.97   323.55
33.51   6.53   879.25   0.19   0.05   0.00   4.04   184.83
30.51   0.82   878.89   0.15   0.00   0.00   2.33   221.75
6.48   -14.65   881.02   0.20   0.00   0.00   11.63   334.78
16.38   3.32   876.76   0.42   0.05   0.00   0.86   198.48
15.90   -19.89   879.43   0.07   0.25   0.00   1.33   182.86
25.66   -19.35   878.05   0.04   0.00   0.00   5.10   179.47
19.75   -3.65   880.43   0.21   0.00   0.00   6.63   329.02
25.12   -13.77   880.86   0.07   0.00   0.00   5.22   168.24
16.84   5.95   876.17   0.49   0.00   0.00   2.63   222.75
-1.17   -17.29   877.12   0.29   0.00   0.00   2.25   211.72
30.31   -5.69   873.34   0.09   0.00   0.00   4.71   243.53
21.39   6.37   877.97   0.38   0.00   0.00   3.29   204.29
31.40   -3.69   881.58   0.10   0.00   0.00   2.61   185.52
5.41   -13.20   876.26   0.25   0.00   0.00   2.07   259.17
24.53   -0.81   880.82   0.19   0.00   0.00   4.60   156.27
9.22   -5.73   878.70   0.34   0.03   0.00   1.19   185.14
18.17   -10.58   877.50   0.13   0.00   0.00   4.37   164.32
24.21   -14.22   881.39   0.07   0.00   0.00   5.41   161.32
25.72   -6.09   880.13   0.12   0.00   0.00   3.71   166.65
9.49   -5.83   877.97   0.34   0.00   0.00   2.83   319.16
0.64   -15.36   880.46   0.29   0.00   0.00   2.32   328.81
22.78   -8.86   874.48   0.11   0.00   0.00   5.33   176.47
14.83   -0.13   884.22   0.36   0.00   0.00   1.96   237.66
4.29   -12.07   878.58   0.29   0.00   0.00   2.12   258.55
17.93   -20.65   876.14   0.06   0.00   0.00   4.26   140.21
8.15   -7.05   873.59   0.33   0.00   0.00   6.20   321.32
25.47   5.21   876.48   0.27   0.00   0.00   4.38   61.63
27.65   5.17   879.83   0.24   0.00   0.00   1.97   294.10
19.78   -8.98   873.16   0.14   0.00   0.00   1.99   204.84
20.81   -11.40   878.44   0.11   0.00   0.00   3.74   222.47
13.75   -0.17   879.26   0.39   0.00   0.00   6.04   110.95
19.84   -14.14   875.72   0.09   0.00   0.00   5.10   161.05
13.31   -5.59   888.24   0.27   0.02   0.00   2.43   312.38
15.20   1.40   877.08   0.39   0.00   0.00   1.90   235.40
14.67   -10.47   879.10   0.17   0.00   0.00   3.61   321.75
22.57   -0.71   880.96   0.22   0.00   0.00   5.02   324.37
22.98   4.82   877.69   0.31   0.03   0.00   3.13   167.84
2.91   -6.47   875.43   0.50   0.00   0.00   4.93   342.17
13.31   -5.59   888.24   0.27   0.02   0.00   2.43   312.38
13.28   -8.97   875.73   0.21   0.00   0.00   3.19   125.39
15.20   1.40   877.08   0.39   0.00   0.00   1.90   235.40
26.24   -3.55   879.05   0.14   0.00   0.00   2.96   201.24
19.78   -8.98   873.16   0.14   0.00   0.00   1.99   204.84
20.81   -11.40   878.44   0.11   0.00   0.00   3.74   222.47
19.84   -14.14   875.72   0.09   0.00   0.00   5.10   161.05
2.91   -6.47   875.43   0.50   0.00   0.00   4.93   342.17
26.93   6.49   877.75   0.27   0.03   0.00   3.36   305.75
14.67   -10.47   879.10   0.17   0.00   0.00   3.61   321.75
22.57   -0.71   880.96   0.22   0.00   0.00   5.02   324.37
35.35   -2.08   875.04   0.09   0.00   0.00   1.59   287.37
14.83   -0.13   884.22   0.36   0.00   0.00   1.96   237.66
30.37   -1.14   878.77   0.13   0.00   0.00   5.08   303.44
18.17   -10.58   877.50   0.13   0.00   0.00   4.37   164.32
24.21   -14.22   881.39   0.07   0.00   0.00   5.41   161.32
25.72   -6.09   880.13   0.12   0.00   0.00   3.71   166.65
7.04   -15.41   884.75   0.19   0.00   0.00   7.66   290.75
9.49   -5.83   877.97   0.34   0.00   0.00   2.83   319.16
18.36   8.54   881.14   0.53   0.00   0.00   1.92   248.03
8.15   -8.42   873.26   0.30   0.00   0.00   3.71   185.08
27.65   5.17   879.83   0.24   0.00   0.00   1.97   294.10
6.75   -5.76   878.20   0.41   0.03   0.00   1.80   121.44
8.15   -7.05   873.59   0.33   0.00   0.00   6.20   321.32
25.47   5.21   876.48   0.27   0.00   0.00   4.38   61.63
19.75   -3.65   880.43   0.21   0.00   0.00   6.63   329.02
24.82   -1.71   874.58   0.17   0.00   0.00   5.52   159.06
18.95   -4.92   869.26   0.20   0.00   0.00   12.06   239.30
30.18   4.74   875.28   0.20   0.00   0.00   4.52   157.74
22.33   -12.03   879.48   0.09   0.00   0.00   3.91   134.95
24.53   -0.81   880.82   0.19   0.00   0.00   4.60   156.27
9.22   -5.73   878.70   0.34   0.03   0.00   1.19   185.14
25.12   -13.77   880.86   0.07   0.00   0.00   5.22   168.24
31.40   -3.69   881.58   0.10   0.00   0.00   2.61   185.52
21.39   6.37   877.97   0.38   0.00   0.00   3.29   204.29
33.51   6.53   879.25   0.19   0.05   0.00   4.04   184.83
30.51   0.82   878.89   0.15   0.00   0.00   2.33   221.75
15.53   -2.96   882.15   0.28   0.00   0.00   2.05   210.20
20.55   1.40   876.88   0.28   0.00   0.00   2.56   285.85
10.97   -4.56   879.62   0.33   0.00   0.00   9.09   83.99
15.90   -19.89   879.43   0.07   0.25   0.00   1.33   182.86
25.66   -19.35   878.05   0.04   0.00   0.00   5.10   179.47
6.48   -14.65   881.02   0.20   0.00   0.00   11.63   334.78
32.87   5.31   878.73   0.18   0.00   0.00   9.25   149.26
25.66   -19.35   878.05   0.04   0.00   0.00   5.10   179.47
6.48   -14.65   881.02   0.20   0.00   0.00   11.63   334.78
16.38   3.32   876.76   0.42   0.05   0.00   0.86   198.48
23.08   -3.42   878.77   0.17   0.00   0.00   5.97   323.55
33.51   6.53   879.25   0.19   0.05   0.00   4.04   184.83
30.51   0.82   878.89   0.15   0.00   0.00   2.33   221.75
17.39   6.09   876.69   0.47   0.00   0.00   4.86   15.72
10.97   -4.56   879.62   0.33   0.00   0.00   9.09   83.99
0.58   -6.51   880.56   0.59   0.00   0.00   2.18   273.33
15.53   -2.96   882.15   0.28   0.00   0.00   2.05   210.20
22.33   -12.03   879.48   0.09   0.00   0.00   3.91   134.95
22.36   6.50   876.12   0.36   0.00   0.00   5.32   296.07
24.53   -0.81   880.82   0.19   0.00   0.00   4.60   156.27
9.22   -5.73   878.70   0.34   0.03   0.00   1.19   185.14
30.18   4.74   875.28   0.20   0.00   0.00   4.52   157.74
25.12   -13.77   880.86   0.07   0.00   0.00   5.22   168.24
16.84   5.95   876.17   0.49   0.00   0.00   2.63   222.75
-1.17   -17.29   877.12   0.29   0.00   0.00   2.25   211.72
30.31   -5.69   873.34   0.09   0.00   0.00   4.71   243.53
19.75   -3.65   880.43   0.21   0.00   0.00   6.63   329.02
24.82   -1.71   874.58   0.17   0.00   0.00   5.52   159.06
18.95   -4.92   869.26   0.20   0.00   0.00   12.06   239.30
12.88   -6.27   883.53   0.26   0.00   0.00   2.69   239.20
27.65   5.17   879.83   0.24   0.00   0.00   1.97   294.10
8.15   -8.42   873.26   0.30   0.00   0.00   3.71   185.08
6.75   -5.76   878.20   0.41   0.03   0.00   1.80   121.44
17.93   -20.65   876.14   0.06   0.00   0.00   4.26   140.21
4.29   -12.07   878.58   0.29   0.00   0.00   2.12   258.55
0.64   -15.36   880.46   0.29   0.00   0.00   2.32   328.81
22.78   -8.86   874.48   0.11   0.00   0.00   5.33   176.47
18.17   -10.58   877.50   0.13   0.00   0.00   4.37   164.32
7.04   -15.41   884.75   0.19   0.00   0.00   7.66   290.75
18.36   8.54   881.14   0.53   0.00   0.00   1.92   248.03
2.91   -6.47   875.43   0.50   0.00   0.00   4.93   342.17
24.53   -0.81   880.82   0.19   0.00   0.00   4.60   156.27
35.35   -2.08   875.04   0.09   0.00   0.00   1.59   287.37
26.93   6.49   877.75   0.27   0.03   0.00   3.36   305.75
14.67   -10.47   879.10   0.17   0.00   0.00   3.61   321.75
22.57   -0.71   880.96   0.22   0.00   0.00   5.02   324.37
26.24   -3.55   879.05   0.14   0.00   0.00   2.96   201.24
13.28   -8.97   875.73   0.21   0.00   0.00   3.19   125.39
13.75   -0.17   879.26   0.39   0.00   0.00   6.04   110.95
8.74   -12.96   880.42   0.20   0.00   0.00   3.18   138.81
25.82   6.13   881.48   0.29   0.00   0.00   2.74   172.32
17.95   6.92   876.40   0.49   0.00   0.00   1.78   201.75
31.91   -0.21   873.82   0.13   0.01   0.00   3.94   177.67
18.53   4.73   875.90   0.40   0.00   0.00   7.40   332.00
28.28   2.16   874.38   0.19   0.00   0.00   4.38   162.71
19.27   -24.44   879.27   0.04   0.00   0.00   4.32   126.75
35.29   0.69   879.64   0.11   0.23   0.00   5.24   170.92
17.03   -5.58   872.41   0.21   0.00   0.00   3.42   238.10
28.35   -14.12   869.15   0.05   0.00   0.00   6.13   289.63
31.33   4.08   876.63   0.18   0.03   0.00   2.36   186.79
24.71   0.17   872.56   0.20   0.00   0.00   4.72   239.69
26.88   -6.01   878.90   0.11   0.00   0.00   3.61   166.21
2.06   -13.63   882.56   0.31   0.00   0.00   1.64   166.31
20.32   -2.40   879.87   0.22   0.03   0.00   2.09   271.97
2.43   -11.37   878.03   0.36   0.00   0.00   2.52   150.98
10.08   -5.57   876.03   0.33   0.00   0.00   7.06   331.21
5.42   -6.61   881.73   0.42   0.05   0.00   3.77   282.36
4.97   -10.92   878.89   0.31   0.00   0.00   1.39   139.92
24.38   -6.02   867.69   0.13   0.00   0.00   6.16   218.99
21.02   -22.08   876.78   0.04   0.25   0.00   5.52   168.25
-1.07   -16.94   877.08   0.29   0.00   0.00   2.52   111.58
12.58   -4.99   877.35   0.29   0.00   0.00   7.77   131.68
15.67   3.93   879.30   0.46   0.00   0.00   0.81   164.86
-0.54   -20.23   884.87   0.21   0.03   0.00   2.72   214.26
18.48   -13.83   884.05   0.10   0.00   0.00   1.35   269.69
8.00   -5.00   880.82   0.39   0.00   0.00   6.11   298.59
17.93   5.64   876.11   0.45   0.05   0.00   0.98   193.17
17.90   -25.30   879.49   0.04   0.00   0.00   4.51   129.03
6.89   -6.32   871.27   0.39   0.00   0.00   2.81   212.38
10.29   -7.37   884.40   0.28   0.00   0.00   1.19   87.52
17.11   -7.60   878.47   0.18   0.00   0.00   3.02   203.00
7.12   -4.00   884.42   0.45   0.00   0.00   1.29   97.85
29.01   9.11   880.18   0.29   0.00   0.00   2.58   140.34
10.30   -3.29   868.10   0.38   0.00   0.00   5.45   326.98
23.36   8.06   881.52   0.38   0.00   0.00   5.00   289.95
32.13   -4.62   879.74   0.09   0.08   0.00   5.89   173.46
21.79   -9.17   875.19   0.12   0.00   0.00   6.10   173.65
36.05   -1.48   876.30   0.09   0.00   0.00   7.24   174.32
16.73   -6.66   874.49   0.20   0.00   0.00   2.00   190.92
21.02   -0.34   880.46   0.24   0.00   0.00   3.10   104.77
14.03   -6.16   873.30   0.25   0.00   0.00   2.33   121.74
21.67   -21.09   876.37   0.04   0.25   0.00   6.08   175.20
23.10   -0.98   868.96   0.20   0.00   0.00   3.15   188.44
16.82   -4.35   870.56   0.24   0.00   0.00   3.85   192.30
6.21   -13.04   881.14   0.24   0.00   0.00   2.30   193.71
27.31   -2.75   880.67   0.14   0.00   0.00   6.13   324.00
7.92   -2.86   881.29   0.47   0.00   0.00   1.11   151.21
19.94   -7.69   877.04   0.15   0.05   0.00   1.65   156.66
16.89   -7.65   878.13   0.18   0.00   0.00   3.94   152.78
24.96   -5.61   877.73   0.13   0.00   0.00   3.99   144.66
31.74   8.91   879.91   0.25   0.00   0.00   1.62   235.16
24.80   -5.80   872.60   0.13   0.00   0.00   2.81   145.57
21.63   5.03   877.08   0.34   0.00   0.00   1.80   164.13
24.80   -5.80   872.60   0.13   0.00   0.00   2.81   145.57
24.96   -5.61   877.73   0.13   0.00   0.00   3.99   144.66
31.74   8.91   879.91   0.25   0.00   0.00   1.62   235.16
11.64   -17.63   882.26   0.11   0.00   0.00   1.90   207.68
6.21   -13.04   881.14   0.24   0.00   0.00   2.30   193.71
33.87   2.59   873.84   0.14   0.00   0.00   5.76   179.65
16.82   -4.35   870.56   0.24   0.00   0.00   3.85   192.30
27.31   -2.75   880.67   0.14   0.00   0.00   6.13   324.00
7.92   -2.86   881.29   0.47   0.00   0.00   1.11   151.21
19.94   -7.69   877.04   0.15   0.05   0.00   1.65   156.66
30.55   3.23   875.42   0.18   0.00   0.00   7.32   38.92
13.73   -0.12   877.64   0.39   0.00   0.00   4.70   328.15
16.73   -6.66   874.49   0.20   0.00   0.00   2.00   190.92
21.79   -9.17   875.19   0.12   0.00   0.00   6.10   173.65
36.05   -1.48   876.30   0.09   0.00   0.00   7.24   174.32
10.29   -7.37   884.40   0.28   0.00   0.00   1.19   87.52
17.11   -7.60   878.47   0.18   0.00   0.00   3.02   203.00
17.90   -25.30   879.49   0.04   0.00   0.00   4.51   129.03
7.12   -4.00   884.42   0.45   0.00   0.00   1.29   97.85
29.01   9.11   880.18   0.29   0.00   0.00   2.58   140.34
15.67   3.93   879.30   0.46   0.00   0.00   0.81   164.86
28.78   3.80   875.13   0.20   0.00   0.00   7.24   81.45
12.58   -4.99   877.35   0.29   0.00   0.00   7.77   131.68
-0.54   -20.23   884.87   0.21   0.03   0.00   2.72   214.26
17.75   -6.56   884.16   0.19   0.00   0.00   4.49   292.95
13.56   -6.97   875.37   0.24   0.00   0.00   1.93   121.91
17.93   5.64   876.11   0.45   0.05   0.00   0.98   193.17
2.43   -11.37   878.03   0.36   0.00   0.00   2.52   150.98
24.71   0.17   872.56   0.20   0.00   0.00   4.72   239.69
26.88   -6.01   878.90   0.11   0.00   0.00   3.61   166.21
10.08   -5.57   876.03   0.33   0.00   0.00   7.06   331.21
5.42   -6.61   881.73   0.42   0.05   0.00   3.77   282.36
4.97   -10.92   878.89   0.31   0.00   0.00   1.39   139.92
21.02   -22.08   876.78   0.04   0.25   0.00   5.52   168.25
28.35   -14.12   869.15   0.05   0.00   0.00   6.13   289.63
31.91   -0.21   873.82   0.13   0.01   0.00   3.94   177.67
8.74   -12.96   880.42   0.20   0.00   0.00   3.18   138.81
17.95   6.92   876.40   0.49   0.00   0.00   1.78   201.75
9.78   -13.97   875.45   0.17   0.00   0.00   3.57   261.90
35.29   0.69   879.64   0.11   0.23   0.00   5.24   170.92
17.03   -5.58   872.41   0.21   0.00   0.00   3.42   238.10
18.53   4.73   875.90   0.40   0.00   0.00   7.40   332.00
28.28   2.16   874.38   0.19   0.00   0.00   4.38   162.71
19.27   -24.44   879.27   0.04   0.00   0.00   4.32   126.75
20.66   -7.60   876.09   0.14   0.05   0.00   3.03   163.25
28.35   -14.12   869.15   0.05   0.00   0.00   6.13   289.63
35.29   0.69   879.64   0.11   0.23   0.00   5.24   170.92
17.03   -5.58   872.41   0.21   0.00   0.00   3.42   238.10
30.17   3.11   877.20   0.18   0.00   0.00   4.85   113.11
31.91   -0.21   873.82   0.13   0.01   0.00   3.94   177.67
25.82   6.13   881.48   0.29   0.00   0.00   2.74   172.32
-0.54   -20.23   884.87   0.21   0.03   0.00   2.72   214.26
17.75   -6.56   884.16   0.19   0.00   0.00   4.49   292.95
18.48   -13.83   884.05   0.10   0.00   0.00   1.35   269.69
13.56   -6.97   875.37   0.24   0.00   0.00   1.93   121.91
8.00   -5.00   880.82   0.39   0.00   0.00   6.11   298.59
17.93   5.64   876.11   0.45   0.05   0.00   0.98   193.17
-1.07   -16.94   877.08   0.29   0.00   0.00   2.52   111.58
12.58   -4.99   877.35   0.29   0.00   0.00   7.77   131.68
10.08   -5.57   876.03   0.33   0.00   0.00   7.06   331.21
5.42   -6.61   881.73   0.42   0.05   0.00   3.77   282.36
20.79   -1.64   885.85   0.22   0.00   0.00   9.58   297.27
24.38   -6.02   867.69   0.13   0.00   0.00   6.16   218.99
21.02   -22.08   876.78   0.04   0.25   0.00   5.52   168.25
2.06   -13.63   882.56   0.31   0.00   0.00   1.64   166.31
20.32   -2.40   879.87   0.22   0.03   0.00   2.09   271.97
2.43   -11.37   878.03   0.36   0.00   0.00   2.52   150.98
21.67   -21.09   876.37   0.04   0.25   0.00   6.08   175.20
23.10   -0.98   868.96   0.20   0.00   0.00   3.15   188.44
21.02   -0.34   880.46   0.24   0.00   0.00   3.10   104.77
14.03   -6.16   873.30   0.25   0.00   0.00   2.33   121.74
13.73   -0.12   877.64   0.39   0.00   0.00   4.70   328.15
16.73   -6.66   874.49   0.20   0.00   0.00   2.00   190.92
32.13   -4.62   879.74   0.09   0.08   0.00   5.89   173.46
21.79   -9.17   875.19   0.12   0.00   0.00   6.10   173.65
36.05   -1.48   876.30   0.09   0.00   0.00   7.24   174.32
31.91   -0.21   873.82   0.13   0.01   0.00   3.94   177.67
10.30   -3.29   868.10   0.38   0.00   0.00   5.45   326.98
23.36   8.06   881.52   0.38   0.00   0.00   5.00   289.95
7.12   -4.00   884.42   0.45   0.00   0.00   1.29   97.85
10.29   -7.37   884.40   0.28   0.00   0.00   1.19   87.52
17.90   -25.30   879.49   0.04   0.00   0.00   4.51   129.03
6.89   -6.32   871.27   0.39   0.00   0.00   2.81   212.38
21.63   5.03   877.08   0.34   0.00   0.00   1.80   164.13
16.89   -7.65   878.13   0.18   0.00   0.00   3.94   152.78
27.31   -2.75   880.67   0.14   0.00   0.00   6.13   324.00
30.55   3.23   875.42   0.18   0.00   0.00   7.32   38.92
11.64   -17.63   882.26   0.11   0.00   0.00   1.90   207.68
6.21   -13.04   881.14   0.24   0.00   0.00   2.30   193.71
33.87   2.59   873.84   0.14   0.00   0.00   5.76   179.65
19.94   -7.69   877.04   0.15   0.05   0.00   1.65   156.66
7.92   -2.86   881.29   0.47   0.00   0.00   1.11   151.21
33.87   2.59   873.84   0.14   0.00   0.00   5.76   179.65
16.82   -4.35   870.56   0.24   0.00   0.00   3.85   192.30
11.64   -17.63   882.26   0.11   0.00   0.00   1.90   207.68
36.80   0.31   878.27   0.10   0.23   0.00   5.56   197.21
31.60   9.30   880.18   0.25   0.01   0.00   3.45   233.56
21.63   5.03   877.08   0.34   0.00   0.00   1.80   164.13
16.89   -7.65   878.13   0.18   0.00   0.00   3.94   152.78
4.68   -13.12   876.42   0.26   0.00   0.00   1.61   232.03
24.96   -5.61   877.73   0.13   0.00   0.00   3.99   144.66
31.74   8.91   879.91   0.25   0.00   0.00   1.62   235.16
24.80   -5.80   872.60   0.13   0.00   0.00   2.81   145.57
29.01   9.11   880.18   0.29   0.00   0.00   2.58   140.34
10.30   -3.29   868.10   0.38   0.00   0.00   5.45   326.98
23.36   8.06   881.52   0.38   0.00   0.00   5.00   289.95
6.89   -6.32   871.27   0.39   0.00   0.00   2.81   212.38
17.11   -7.60   878.47   0.18   0.00   0.00   3.02   203.00
21.02   -0.34   880.46   0.24   0.00   0.00   3.10   104.77
14.03   -6.16   873.30   0.25   0.00   0.00   2.33   121.74
21.67   -21.09   876.37   0.04   0.25   0.00   6.08   175.20
23.10   -0.98   868.96   0.20   0.00   0.00   3.15   188.44
32.13   -4.62   879.74   0.09   0.08   0.00   5.89   173.46
36.05   -1.48   876.30   0.09   0.00   0.00   7.24   174.32
13.73   -0.12   877.64   0.39   0.00   0.00   4.70   328.15
20.79   -1.64   885.85   0.22   0.00   0.00   9.58   297.27
4.97   -10.92   878.89   0.31   0.00   0.00   1.39   139.92
24.38   -6.02   867.69   0.13   0.00   0.00   6.16   218.99
31.33   4.08   876.63   0.18   0.03   0.00   2.36   186.79
2.06   -13.63   882.56   0.31   0.00   0.00   1.64   166.31
20.32   -2.40   879.87   0.22   0.03   0.00   2.09   271.97
18.48   -13.83   884.05   0.10   0.00   0.00   1.35   269.69
13.56   -6.97   875.37   0.24   0.00   0.00   1.93   121.91
8.00   -5.00   880.82   0.39   0.00   0.00   6.11   298.59
-1.07   -16.94   877.08   0.29   0.00   0.00   2.52   111.58
15.67   3.93   879.30   0.46   0.00   0.00   0.81   164.86
18.53   4.73   875.90   0.40   0.00   0.00   7.40   332.00
28.28   2.16   874.38   0.19   0.00   0.00   4.38   162.71
19.27   -24.44   879.27   0.04   0.00   0.00   4.32   126.75
30.17   3.11   877.20   0.18   0.00   0.00   4.85   113.11
8.74   -12.96   880.42   0.20   0.00   0.00   3.18   138.81
25.82   6.13   881.48   0.29   0.00   0.00   2.74   172.32
17.95   6.92   876.40   0.49   0.00   0.00   1.78   201.75
31.91   -0.21   873.82   0.13   0.01   0.00   3.94   177.67
20.66   -7.60   876.09   0.14   0.05   0.00   3.03   163.25
10.29   -7.37   884.40   0.28   0.00   0.00   1.19   87.52
17.25   -6.09   874.01   0.20   0.00   0.00   3.61   134.68
17.11   -7.60   878.47   0.18   0.00   0.00   3.02   203.00
17.90   -25.30   879.49   0.04   0.00   0.00   4.51   129.03
6.89   -6.32   871.27   0.39   0.00   0.00   2.81   212.38
10.30   -3.29   868.10   0.38   0.00   0.00   5.45   326.98
23.36   8.06   881.52   0.38   0.00   0.00   5.00   289.95
19.91   -8.33   874.49   0.14   0.00   0.00   3.24   129.12
7.12   -4.00   884.42   0.45   0.00   0.00   1.29   97.85
29.01   9.11   880.18   0.29   0.00   0.00   2.58   140.34
16.73   -6.66   874.49   0.20   0.00   0.00   2.00   190.92
32.13   -4.62   879.74   0.09   0.08   0.00   5.89   173.46
21.79   -9.17   875.19   0.12   0.00   0.00   6.10   173.65
36.05   -1.48   876.30   0.09   0.00   0.00   7.24   174.32
21.67   -21.09   876.37   0.04   0.25   0.00   6.08   175.20
23.10   -0.98   868.96   0.20   0.00   0.00   3.15   188.44
21.02   -0.34   880.46   0.24   0.00   0.00   3.10   104.77
14.03   -6.16   873.30   0.25   0.00   0.00   2.33   121.74
36.80   0.31   878.27   0.10   0.23   0.00   5.56   197.21
6.21   -13.04   881.14   0.24   0.00   0.00   2.30   193.71
31.60   9.30   880.18   0.25   0.01   0.00   3.45   233.56
16.82   -4.35   870.56   0.24   0.00   0.00   3.85   192.30
27.31   -2.75   880.67   0.14   0.00   0.00   6.13   324.00
19.94   -7.69   877.04   0.15   0.05   0.00   1.65   156.66
7.92   -2.86   881.29   0.47   0.00   0.00   1.11   151.21
24.80   -5.80   872.60   0.13   0.00   0.00   2.81   145.57
16.89   -7.65   878.13   0.18   0.00   0.00   3.94   152.78
4.68   -13.12   876.42   0.26   0.00   0.00   1.61   232.03
24.96   -5.61   877.73   0.13   0.00   0.00   3.99   144.66
31.74   8.91   879.91   0.25   0.00   0.00   1.62   235.16
21.63   5.03   877.08   0.34   0.00   0.00   1.80   164.13
31.91   -0.21   873.82   0.13   0.01   0.00   3.94   177.67
8.74   -12.96   880.42   0.20   0.00   0.00   3.18   138.81
25.82   6.13   881.48   0.29   0.00   0.00   2.74   172.32
17.95   6.92   876.40   0.49   0.00   0.00   1.78   201.75
35.29   0.69   879.64   0.11   0.23   0.00   5.24   170.92
17.03   -5.58   872.41   0.21   0.00   0.00   3.42   238.10
28.28   2.16   874.38   0.19   0.00   0.00   4.38   162.71
19.27   -24.44   879.27   0.04   0.00   0.00   4.32   126.75
20.66   -7.60   876.09   0.14   0.05   0.00   3.03   163.25
28.35   -14.12   869.15   0.05   0.00   0.00   6.13   289.63
2.06   -13.63   882.56   0.31   0.00   0.00   1.64   166.31
20.32   -2.40   879.87   0.22   0.03   0.00   2.09   271.97
2.43   -11.37   878.03   0.36   0.00   0.00   2.52   150.98
31.33   4.08   876.63   0.18   0.03   0.00   2.36   186.79
10.08   -5.57   876.03   0.33   0.00   0.00   7.06   331.21
5.42   -6.61   881.73   0.42   0.05   0.00   3.77   282.36
20.79   -1.64   885.85   0.22   0.00   0.00   9.58   297.27
7.67   -5.56   883.38   0.39   0.00   0.00   2.07   175.91
4.97   -10.92   878.89   0.31   0.00   0.00   1.39   139.92
24.38   -6.02   867.69   0.13   0.00   0.00   6.16   218.99
21.02   -22.08   876.78   0.04   0.25   0.00   5.52   168.25
15.67   3.93   879.30   0.46   0.00   0.00   0.81   164.86
-1.07   -16.94   877.08   0.29   0.00   0.00   2.52   111.58
12.58   -4.99   877.35   0.29   0.00   0.00   7.77   131.68
-0.54   -20.23   884.87   0.21   0.03   0.00   2.72   214.26
17.75   -6.56   884.16   0.19   0.00   0.00   4.49   292.95
18.48   -13.83   884.05   0.10   0.00   0.00   1.35   269.69
8.00   -5.00   880.82   0.39   0.00   0.00   6.11   298.59
17.93   5.64   876.11   0.45   0.05   0.00   0.98   193.17
28.78   3.80   875.13   0.20   0.00   0.00   7.24   81.45
12.58   -4.99   877.35   0.29   0.00   0.00   7.77   131.68
15.67   3.93   879.30   0.46   0.00   0.00   0.81   164.86
-0.54   -20.23   884.87   0.21   0.03   0.00   2.72   214.26
17.75   -6.56   884.16   0.19   0.00   0.00   4.49   292.95
13.56   -6.97   875.37   0.24   0.00   0.00   1.93   121.91
17.93   5.64   876.11   0.45   0.05   0.00   0.98   193.17
31.33   4.08   876.63   0.18   0.03   0.00   2.36   186.79
2.43   -11.37   878.03   0.36   0.00   0.00   2.52   150.98
10.08   -5.57   876.03   0.33   0.00   0.00   7.06   331.21
5.42   -6.61   881.73   0.42   0.05   0.00   3.77   282.36
7.67   -5.56   883.38   0.39   0.00   0.00   2.07   175.91
4.97   -10.92   878.89   0.31   0.00   0.00   1.39   139.92
21.02   -22.08   876.78   0.04   0.25   0.00   5.52   168.25
28.35   -14.12   869.15   0.05   0.00   0.00   6.13   289.63
8.74   -12.96   880.42   0.20   0.00   0.00   3.18   138.81
9.78   -13.97   875.45   0.17   0.00   0.00   3.57   261.90
31.91   -0.21   873.82   0.13   0.01   0.00   3.94   177.67
28.28   2.16   874.38   0.19   0.00   0.00   4.38   162.71
19.27   -24.44   879.27   0.04   0.00   0.00   4.32   126.75
35.29   0.69   879.64   0.11   0.23   0.00   5.24   170.92
17.03   -5.58   872.41   0.21   0.00   0.00   3.42   238.10
24.96   -5.61   877.73   0.13   0.00   0.00   3.99   144.66
31.74   8.91   879.91   0.25   0.00   0.00   1.62   235.16
24.80   -5.80   872.60   0.13   0.00   0.00   2.81   145.57
33.87   2.59   873.84   0.14   0.00   0.00   5.76   179.65
16.82   -4.35   870.56   0.24   0.00   0.00   3.85   192.30
11.64   -17.63   882.26   0.11   0.00   0.00   1.90   207.68
36.80   0.31   878.27   0.10   0.23   0.00   5.56   197.21
6.21   -13.04   881.14   0.24   0.00   0.00   2.30   193.71
31.60   9.30   880.18   0.25   0.01   0.00   3.45   233.56
30.55   3.23   875.42   0.18   0.00   0.00   7.32   38.92
27.31   -2.75   880.67   0.14   0.00   0.00   6.13   324.00
19.94   -7.69   877.04   0.15   0.05   0.00   1.65   156.66
7.92   -2.86   881.29   0.47   0.00   0.00   1.11   151.21
21.79   -9.17   875.19   0.12   0.00   0.00   6.10   173.65
13.73   -0.12   877.64   0.39   0.00   0.00   4.70   328.15
16.73   -6.66   874.49   0.20   0.00   0.00   2.00   190.92
17.90   -25.30   879.49   0.04   0.00   0.00   4.51   129.03
10.29   -7.37   884.40   0.28   0.00   0.00   1.19   87.52
17.25   -6.09   874.01   0.20   0.00   0.00   3.61   134.68
17.11   -7.60   878.47   0.18   0.00   0.00   3.02   203.00
19.91   -8.33   874.49   0.14   0.00   0.00   3.24   129.12
7.12   -4.00   884.42   0.45   0.00   0.00   1.29   97.85
29.01   9.11   880.18   0.29   0.00   0.00   2.58   140.34
21.02   -0.34   880.46   0.24   0.00   0.00   3.10   104.77
14.03   -6.16   873.30   0.25   0.00   0.00   2.33   121.74
21.67   -21.09   876.37   0.04   0.25   0.00   6.08   175.20
32.13   -4.62   879.74   0.09   0.08   0.00   5.89   173.46
21.79   -9.17   875.19   0.12   0.00   0.00   6.10   173.65
36.05   -1.48   876.30   0.09   0.00   0.00   7.24   174.32
13.73   -0.12   877.64   0.39   0.00   0.00   4.70   328.15
16.73   -6.66   874.49   0.20   0.00   0.00   2.00   190.92
19.91   -8.33   874.49   0.14   0.00   0.00   3.24   129.12
7.12   -4.00   884.42   0.45   0.00   0.00   1.29   97.85
10.30   -3.29   868.10   0.38   0.00   0.00   5.45   326.98
28.28   2.16   874.38   0.19   0.00   0.00   4.38   162.71
17.90   -25.30   879.49   0.04   0.00   0.00   4.51   129.03
6.89   -6.32   871.27   0.39   0.00   0.00   2.81   212.38
10.29   -7.37   884.40   0.28   0.00   0.00   1.19   87.52
21.63   5.03   877.08   0.34   0.00   0.00   1.80   164.13
16.89   -7.65   878.13   0.18   0.00   0.00   3.94   152.78
27.93   2.22   875.41   0.19   0.29   0.00   4.04   174.81
30.55   3.23   875.42   0.18   0.00   0.00   7.32   38.92
27.31   -2.75   880.67   0.14   0.00   0.00   6.13   324.00
33.87   2.59   873.84   0.14   0.00   0.00   5.76   179.65
11.64   -17.63   882.26   0.11   0.00   0.00   1.90   207.68
6.21   -13.04   881.14   0.24   0.00   0.00   2.30   193.71
28.35   -14.12   869.15   0.05   0.00   0.00   6.13   289.63
28.28   2.16   874.38   0.19   0.00   0.00   4.38   162.71
35.29   0.69   879.64   0.11   0.23   0.00   5.24   170.92
17.03   -5.58   872.41   0.21   0.00   0.00   3.42   238.10
25.82   6.13   881.48   0.29   0.00   0.00   2.74   172.32
-0.54   -20.23   884.87   0.21   0.03   0.00   2.72   214.26
17.75   -6.56   884.16   0.19   0.00   0.00   4.49   292.95
18.48   -13.83   884.05   0.10   0.00   0.00   1.35   269.69
13.56   -6.97   875.37   0.24   0.00   0.00   1.93   121.91
8.00   -5.00   880.82   0.39   0.00   0.00   6.11   298.59
17.93   5.64   876.11   0.45   0.05   0.00   0.98   193.17
-1.07   -16.94   877.08   0.29   0.00   0.00   2.52   111.58
12.58   -4.99   877.35   0.29   0.00   0.00   7.77   131.68
10.08   -5.57   876.03   0.33   0.00   0.00   7.06   331.21
5.42   -6.61   881.73   0.42   0.05   0.00   3.77   282.36
20.79   -1.64   885.85   0.22   0.00   0.00   9.58   297.27
24.38   -6.02   867.69   0.13   0.00   0.00   6.16   218.99
21.02   -22.08   876.78   0.04   0.25   0.00   5.52   168.25
2.06   -13.63   882.56   0.31   0.00   0.00   1.64   166.31
20.32   -2.40   879.87   0.22   0.03   0.00   2.09   271.97
2.43   -11.37   878.03   0.36   0.00   0.00   2.52   150.98
20.79   -1.64   885.85   0.22   0.00   0.00   9.58   297.27
4.97   -10.92   878.89   0.31   0.00   0.00   1.39   139.92
24.38   -6.02   867.69   0.13   0.00   0.00   6.16   218.99
2.06   -13.63   882.56   0.31   0.00   0.00   1.64   166.31
20.32   -2.40   879.87   0.22   0.03   0.00   2.09   271.97
31.33   4.08   876.63   0.18   0.03   0.00   2.36   186.79
18.48   -13.83   884.05   0.10   0.00   0.00   1.35   269.69
13.56   -6.97   875.37   0.24   0.00   0.00   1.93   121.91
8.00   -5.00   880.82   0.39   0.00   0.00   6.11   298.59
15.67   3.93   879.30   0.46   0.00   0.00   0.81   164.86
-1.07   -16.94   877.08   0.29   0.00   0.00   2.52   111.58
18.53   4.73   875.90   0.40   0.00   0.00   7.40   332.00
28.28   2.16   874.38   0.19   0.00   0.00   4.38   162.71
19.27   -24.44   879.27   0.04   0.00   0.00   4.32   126.75
31.91   -0.21   873.82   0.13   0.01   0.00   3.94   177.67
8.74   -12.96   880.42   0.20   0.00   0.00   3.18   138.81
25.82   6.13   881.48   0.29   0.00   0.00   2.74   172.32
17.95   6.92   876.40   0.49   0.00   0.00   1.78   201.75
7.92   -2.86   881.29   0.47   0.00   0.00   1.11   151.21
19.94   -7.69   877.04   0.15   0.05   0.00   1.65   156.66
11.64   -17.63   882.26   0.11   0.00   0.00   1.90   207.68
33.87   2.59   873.84   0.14   0.00   0.00   5.76   179.65
16.82   -4.35   870.56   0.24   0.00   0.00   3.85   192.30
21.63   5.03   877.08   0.34   0.00   0.00   1.80   164.13
24.80   -5.80   872.60   0.13   0.00   0.00   2.81   145.57
16.89   -7.65   878.13   0.18   0.00   0.00   3.94   152.78
4.68   -13.12   876.42   0.26   0.00   0.00   1.61   232.03
24.96   -5.61   877.73   0.13   0.00   0.00   3.99   144.66
31.74   8.91   879.91   0.25   0.00   0.00   1.62   235.16
10.30   -3.29   868.10   0.38   0.00   0.00   5.45   326.98
29.01   9.11   880.18   0.29   0.00   0.00   2.58   140.34
17.11   -7.60   878.47   0.18   0.00   0.00   3.02   203.00
6.89   -6.32   871.27   0.39   0.00   0.00   2.81   212.38
21.67   -21.09   876.37   0.04   0.25   0.00   6.08   175.20
21.02   -0.34   880.46   0.24   0.00   0.00   3.10   104.77
14.03   -6.16   873.30   0.25   0.00   0.00   2.33   121.74
13.73   -0.12   877.64   0.39   0.00   0.00   4.70   328.15
32.13   -4.62   879.74   0.09   0.08   0.00   5.89   173.46
36.05   -1.48   876.30   0.09   0.00   0.00   7.24   174.32
16.84   5.95   876.17   0.49   0.00   0.00   2.63   222.75
-1.17   -17.29   877.12   0.29   0.00   0.00   2.25   211.72
30.31   -5.69   873.34   0.09   0.00   0.00   4.71   243.53
31.40   -3.69   881.58   0.10   0.00   0.00   2.61   185.52
21.39   6.37   877.97   0.38   0.00   0.00   3.29   204.29
30.18   4.74   875.28   0.20   0.00   0.00   4.52   157.74
18.70   -5.79   874.62   0.19   0.00   0.00   4.19   145.38
31.75   4.43   879.52   0.18   0.00   0.00   3.02   130.76
5.41   -13.20   876.26   0.25   0.00   0.00   2.07   259.17
22.33   -12.03   879.48   0.09   0.00   0.00   3.91   134.95
22.36   6.50   876.12   0.36   0.00   0.00   5.32   296.07
24.53   -0.81   880.82   0.19   0.00   0.00   4.60   156.27
18.95   -4.92   869.26   0.20   0.00   0.00   12.06   239.30
16.38   3.32   876.76   0.42   0.05   0.00   0.86   198.48
15.90   -19.89   879.43   0.07   0.25   0.00   1.33   182.86
0.58   -6.51   880.56   0.59   0.00   0.00   2.18   273.33
15.53   -2.96   882.15   0.28   0.00   0.00   2.05   210.20
20.55   1.40   876.88   0.28   0.00   0.00   2.56   285.85
17.39   6.09   876.69   0.47   0.00   0.00   4.86   15.72
23.08   -3.42   878.77   0.17   0.00   0.00   5.97   323.55
26.93   6.49   877.75   0.27   0.03   0.00   3.36   305.75
22.02   -3.58   874.47   0.18   0.00   0.00   5.64   180.59
35.35   -2.08   875.04   0.09   0.00   0.00   1.59   287.37
19.78   -8.98   873.16   0.14   0.00   0.00   1.99   204.84
20.81   -11.40   878.44   0.11   0.00   0.00   3.74   222.47
13.75   -0.17   879.26   0.39   0.00   0.00   6.04   110.95
19.84   -14.14   875.72   0.09   0.00   0.00   5.10   161.05
13.31   -5.59   888.24   0.27   0.02   0.00   2.43   312.38
13.28   -8.97   875.73   0.21   0.00   0.00   3.19   125.39
15.20   1.40   877.08   0.39   0.00   0.00   1.90   235.40
17.93   -20.65   876.14   0.06   0.00   0.00   4.26   140.21
6.75   -5.76   878.20   0.41   0.03   0.00   1.80   121.44
8.15   -7.05   873.59   0.33   0.00   0.00   6.20   321.32
8.15   -8.42   873.26   0.30   0.00   0.00   3.71   185.08
12.88   -6.27   883.53   0.26   0.00   0.00   2.69   239.20
30.37   -1.14   878.77   0.13   0.00   0.00   5.08   303.44
24.21   -14.22   881.39   0.07   0.00   0.00   5.41   161.32
25.72   -6.09   880.13   0.12   0.00   0.00   3.71   166.65
7.04   -15.41   884.75   0.19   0.00   0.00   7.66   290.75
9.49   -5.83   877.97   0.34   0.00   0.00   2.83   319.16
18.36   8.54   881.14   0.53   0.00   0.00   1.92   248.03
0.64   -15.36   880.46   0.29   0.00   0.00   2.32   328.81
22.78   -8.86   874.48   0.11   0.00   0.00   5.33   176.47
14.83   -0.13   884.22   0.36   0.00   0.00   1.96   237.66
4.29   -12.07   878.58   0.29   0.00   0.00   2.12   258.55
18.17   -10.58   877.50   0.13   0.00   0.00   4.37   164.32
24.21   -14.22   881.39   0.07   0.00   0.00   5.41   161.32
25.72   -6.09   880.13   0.12   0.00   0.00   3.71   166.65
9.49   -5.83   877.97   0.34   0.00   0.00   2.83   319.16
31.20   3.97   877.49   0.18   0.00   0.00   6.80   193.06
14.83   -0.13   884.22   0.36   0.00   0.00   1.96   237.66
4.29   -12.07   878.58   0.29   0.00   0.00   2.12   258.55
0.64   -15.36   880.46   0.29   0.00   0.00   2.32   328.81
22.78   -8.86   874.48   0.11   0.00   0.00   5.33   176.47
8.15   -7.05   873.59   0.33   0.00   0.00   6.20   321.32
25.47   5.21   876.48   0.27   0.00   0.00   4.38   61.63
17.93   -20.65   876.14   0.06   0.00   0.00   4.26   140.21
12.88   -6.27   883.53   0.26   0.00   0.00   2.69   239.20
27.65   5.17   879.83   0.24   0.00   0.00   1.97   294.10
19.78   -8.98   873.16   0.14   0.00   0.00   1.99   204.84
20.81   -11.40   878.44   0.11   0.00   0.00   3.74   222.47
13.75   -0.17   879.26   0.39   0.00   0.00   6.04   110.95
19.84   -14.14   875.72   0.09   0.00   0.00   5.10   161.05
13.31   -5.59   888.24   0.27   0.02   0.00   2.43   312.38
15.20   1.40   877.08   0.39   0.00   0.00   1.90   235.40
14.67   -10.47   879.10   0.17   0.00   0.00   3.61   321.75
22.57   -0.71   880.96   0.22   0.00   0.00   5.02   324.37
2.91   -6.47   875.43   0.50   0.00   0.00   4.93   342.17
17.39   6.09   876.69   0.47   0.00   0.00   4.86   15.72
10.97   -4.56   879.62   0.33   0.00   0.00   9.09   83.99
0.58   -6.51   880.56   0.59   0.00   0.00   2.18   273.33
20.55   1.40   876.88   0.28   0.00   0.00   2.56   285.85
23.08   -3.42   878.77   0.17   0.00   0.00   5.97   323.55
33.51   6.53   879.25   0.19   0.05   0.00   4.04   184.83
30.51   0.82   878.89   0.15   0.00   0.00   2.33   221.75
6.48   -14.65   881.02   0.20   0.00   0.00   11.63   334.78
16.38   3.32   876.76   0.42   0.05   0.00   0.86   198.48
25.66   -19.35   878.05   0.04   0.00   0.00   5.10   179.47
15.90   -19.89   879.43   0.07   0.25   0.00   1.33   182.86
24.82   -1.71   874.58   0.17   0.00   0.00   5.52   159.06
19.75   -3.65   880.43   0.21   0.00   0.00   6.63   329.02
21.39   6.37   877.97   0.38   0.00   0.00   3.29   204.29
31.40   -3.69   881.58   0.10   0.00   0.00   2.61   185.52
25.12   -13.77   880.86   0.07   0.00   0.00   5.22   168.24
16.84   5.95   876.17   0.49   0.00   0.00   2.63   222.75
-1.17   -17.29   877.12   0.29   0.00   0.00   2.25   211.72
30.31   -5.69   873.34   0.09   0.00   0.00   4.71   243.53
5.41   -13.20   876.26   0.25   0.00   0.00   2.07   259.17
22.36   6.50   876.12   0.36   0.00   0.00   5.32   296.07
24.53   -0.81   880.82   0.19   0.00   0.00   4.60   156.27
9.22   -5.73   878.70   0.34   0.03   0.00   1.19   185.14
31.75   4.43   879.52   0.18   0.00   0.00   3.02   130.76
19.75   -3.65   880.43   0.21   0.00   0.00   6.63   329.02
22.33   -12.03   879.48   0.09   0.00   0.00   3.91   134.95
24.53   -0.81   880.82   0.19   0.00   0.00   4.60   156.27
9.22   -5.73   878.70   0.34   0.03   0.00   1.19   185.14
30.18   4.74   875.28   0.20   0.00   0.00   4.52   157.74
31.40   -3.69   881.58   0.10   0.00   0.00   2.61   185.52
21.39   6.37   877.97   0.38   0.00   0.00   3.29   204.29
25.12   -13.77   880.86   0.07   0.00   0.00   5.22   168.24
33.51   6.53   879.25   0.19   0.05   0.00   4.04   184.83
30.51   0.82   878.89   0.15   0.00   0.00   2.33   221.75
10.97   -4.56   879.62   0.33   0.00   0.00   9.09   83.99
15.53   -2.96   882.15   0.28   0.00   0.00   2.05   210.20
25.66   -19.35   878.05   0.04   0.00   0.00   5.10   179.47
15.90   -19.89   879.43   0.07   0.25   0.00   1.33   182.86
6.48   -14.65   881.02   0.20   0.00   0.00   11.63   334.78
26.24   -3.55   879.05   0.14   0.00   0.00   2.96   201.24
13.31   -5.59   888.24   0.27   0.02   0.00   2.43   312.38
13.28   -8.97   875.73   0.21   0.00   0.00   3.19   125.39
15.20   1.40   877.08   0.39   0.00   0.00   1.90   235.40
19.78   -8.98   873.16   0.14   0.00   0.00   1.99   204.84
20.81   -11.40   878.44   0.11   0.00   0.00   3.74   222.47
19.84   -14.14   875.72   0.09   0.00   0.00   5.10   161.05
2.91   -6.47   875.43   0.50   0.00   0.00   4.93   342.17
22.98   4.82   877.69   0.31   0.03   0.00   3.13   167.84
35.35   -2.08   875.04   0.09   0.00   0.00   1.59   287.37
14.67   -10.47   879.10   0.17   0.00   0.00   3.61   321.75
22.57   -0.71   880.96   0.22   0.00   0.00   5.02   324.37
14.83   -0.13   884.22   0.36   0.00   0.00   1.96   237.66
18.17   -10.58   877.50   0.13   0.00   0.00   4.37   164.32
24.21   -14.22   881.39   0.07   0.00   0.00   5.41   161.32
25.72   -6.09   880.13   0.12   0.00   0.00   3.71   166.65
7.04   -15.41   884.75   0.19   0.00   0.00   7.66   290.75
9.49   -5.83   877.97   0.34   0.00   0.00   2.83   319.16
18.36   8.54   881.14   0.53   0.00   0.00   1.92   248.03
30.37   -1.14   878.77   0.13   0.00   0.00   5.08   303.44
27.65   5.17   879.83   0.24   0.00   0.00   1.97   294.10
8.15   -8.42   873.26   0.30   0.00   0.00   3.71   185.08
6.75   -5.76   878.20   0.41   0.03   0.00   1.80   121.44
8.15   -7.05   873.59   0.33   0.00   0.00   6.20   321.32
25.47   5.21   876.48   0.27   0.00   0.00   4.38   61.63
8.15   -8.42   873.26   0.30   0.00   0.00   3.71   185.08
12.88   -6.27   883.53   0.26   0.00   0.00   2.69   239.20
27.65   5.17   879.83   0.24   0.00   0.00   1.97   294.10
17.93   -20.65   876.14   0.06   0.00   0.00   4.26   140.21
6.75   -5.76   878.20   0.41   0.03   0.00   1.80   121.44
25.47   5.21   876.48   0.27   0.00   0.00   4.38   61.63
0.64   -15.36   880.46   0.29   0.00   0.00   2.32   328.81
22.78   -8.86   874.48   0.11   0.00   0.00   5.33   176.47
4.29   -12.07   878.58   0.29   0.00   0.00   2.12   258.55
30.37   -1.14   878.77   0.13   0.00   0.00   5.08   303.44
18.17   -10.58   877.50   0.13   0.00   0.00   4.37   164.32
7.04   -15.41   884.75   0.19   0.00   0.00   7.66   290.75
18.36   8.54   881.14   0.53   0.00   0.00   1.92   248.03
2.91   -6.47   875.43   0.50   0.00   0.00   4.93   342.17
26.93   6.49   877.75   0.27   0.03   0.00   3.36   305.75
14.67   -10.47   879.10   0.17   0.00   0.00   3.61   321.75
22.57   -0.71   880.96   0.22   0.00   0.00   5.02   324.37
35.35   -2.08   875.04   0.09   0.00   0.00   1.59   287.37
13.28   -8.97   875.73   0.21   0.00   0.00   3.19   125.39
13.75   -0.17   879.26   0.39   0.00   0.00   6.04   110.95
25.66   -19.35   878.05   0.04   0.00   0.00   5.10   179.47
6.48   -14.65   881.02   0.20   0.00   0.00   11.63   334.78
16.38   3.32   876.76   0.42   0.05   0.00   0.86   198.48
23.08   -3.42   878.77   0.17   0.00   0.00   5.97   323.55
33.51   6.53   879.25   0.19   0.05   0.00   4.04   184.83
30.51   0.82   878.89   0.15   0.00   0.00   2.33   221.75
0.58   -6.51   880.56   0.59   0.00   0.00   2.18   273.33
15.53   -2.96   882.15   0.28   0.00   0.00   2.05   210.20
17.39   6.09   876.69   0.47   0.00   0.00   4.86   15.72
10.97   -4.56   879.62   0.33   0.00   0.00   9.09   83.99
30.18   4.74   875.28   0.20   0.00   0.00   4.52   157.74
5.41   -13.20   876.26   0.25   0.00   0.00   2.07   259.17
22.36   6.50   876.12   0.36   0.00   0.00   5.32   296.07
22.33   -12.03   879.48   0.09   0.00   0.00   3.91   134.95
9.22   -5.73   878.70   0.34   0.03   0.00   1.19   185.14
25.12   -13.77   880.86   0.07   0.00   0.00   5.22   168.24
16.84   5.95   876.17   0.49   0.00   0.00   2.63   222.75
-1.17   -17.29   877.12   0.29   0.00   0.00   2.25   211.72
30.31   -5.69   873.34   0.09   0.00   0.00   4.71   243.53
19.75   -3.65   880.43   0.21   0.00   0.00   6.63   329.02
16.42   -6.75   884.30   0.20   0.05   0.00   5.29   330.01
16.42   -6.75   884.30   0.20   0.05   0.00   5.29   330.01
16.42   -6.75   884.30   0.20   0.05   0.00   5.29   330.01
16.42   -6.75   884.30   0.20   0.05   0.00   5.29   330.01
16.42   -6.75   884.30   0.20   0.05   0.00   5.29   330.01
16.42   -6.75   884.30   0.20   0.05   0.00   5.29   330.01
16.42   -6.75   884.30   0.20   0.05   0.00   5.29   330.01
0.48   -14.29   886.17   0.32   0.00   0.00   2.75   297.50
0.48   -14.29   886.17   0.32   0.00   0.00   2.75   297.50
0.48   -14.29   886.17   0.32   0.00   0.00   2.75   297.50
0.48   -14.29   886.17   0.32   0.00   0.00   2.75   297.50
0.48   -14.29   886.17   0.32   0.00   0.00   2.75   297.50
0.48   -14.29   886.17   0.32   0.00   0.00   2.75   297.50
-0.10   -11.92   884.82   0.41   0.00   0.00   2.34   242.10
-0.10   -11.92   884.82   0.41   0.00   0.00   2.34   242.10
-0.10   -11.92   884.82   0.41   0.00   0.00   2.34   242.10
-0.10   -11.92   884.82   0.41   0.00   0.00   2.34   242.10
-0.10   -11.92   884.82   0.41   0.00   0.00   2.34   242.10
-0.10   -11.92   884.82   0.41   0.00   0.00   2.34   242.10
0.65   -16.50   882.72   0.27   0.00   0.00   1.83   234.68
0.65   -16.50   882.72   0.27   0.00   0.00   1.83   234.68
0.65   -16.50   882.72   0.27   0.00   0.00   1.83   234.68
0.65   -16.50   882.72   0.27   0.00   0.00   1.83   234.68
0.65   -16.50   882.72   0.27   0.00   0.00   1.83   234.68
0.65   -16.50   882.72   0.27   0.00   0.00   1.83   234.68
13.66   -12.14   883.03   0.16   0.15   0.00   2.13   238.37
13.66   -12.14   883.03   0.16   0.15   0.00   2.13   238.37
13.66   -12.14   883.03   0.16   0.15   0.00   2.13   238.37
13.66   -12.14   883.03   0.16   0.15   0.00   2.13   238.37
13.66   -12.14   883.03   0.16   0.15   0.00   2.13   238.37
13.66   -12.14   883.03   0.16   0.15   0.00   2.13   238.37
20.37   -14.26   881.84   0.09   0.00   0.00   4.37   173.11
20.37   -14.26   881.84   0.09   0.00   0.00   4.37   173.11
20.37   -14.26   881.84   0.09   0.00   0.00   4.37   173.11
20.37   -14.26   881.84   0.09   0.00   0.00   4.37   173.11
20.37   -14.26   881.84   0.09   0.00   0.00   4.37   173.11
20.37   -14.26   881.84   0.09   0.00   0.00   4.37   173.11
1.29   -15.74   883.17   0.27   0.00   0.00   1.89   281.30
1.29   -15.74   883.17   0.27   0.00   0.00   1.89   281.30
1.29   -15.74   883.17   0.27   0.00   0.00   1.89   281.30
1.29   -15.74   883.17   0.27   0.00   0.00   1.89   281.30
1.29   -15.74   883.17   0.27   0.00   0.00   1.89   281.30
1.29   -15.74   883.17   0.27   0.00   0.00   1.89   281.30
23.30   -12.44   885.37   0.08   0.00   0.00   3.42   180.08
23.30   -12.44   885.37   0.08   0.00   0.00   3.42   180.08
23.30   -12.44   885.37   0.08   0.00   0.00   3.42   180.08
23.30   -12.44   885.37   0.08   0.00   0.00   3.42   180.08
23.30   -12.44   885.37   0.08   0.00   0.00   3.42   180.08
23.30   -12.44   885.37   0.08   0.00   0.00   3.42   180.08
0.90   -12.75   888.22   0.35   0.00   0.00   1.84   293.48
0.90   -12.75   888.22   0.35   0.00   0.00   1.84   293.48
0.90   -12.75   888.22   0.35   0.00   0.00   1.84   293.48
0.90   -12.75   888.22   0.35   0.00   0.00   1.84   293.48
0.90   -12.75   888.22   0.35   0.00   0.00   1.84   293.48
0.90   -12.75   888.22   0.35   0.00   0.00   1.84   293.48
10.01   -14.74   882.89   0.16   0.00   0.00   3.35   319.04
10.01   -14.74   882.89   0.16   0.00   0.00   3.35   319.04
10.01   -14.74   882.89   0.16   0.00   0.00   3.35   319.04
10.01   -14.74   882.89   0.16   0.00   0.00   3.35   319.04
10.01   -14.74   882.89   0.16   0.00   0.00   3.35   319.04
10.01   -14.74   882.89   0.16   0.00   0.00   3.35   319.04
6.22   -6.80   880.47   0.39   0.00   0.00   1.47   308.10
6.22   -6.80   880.47   0.39   0.00   0.00   1.47   308.10
6.22   -6.80   880.47   0.39   0.00   0.00   1.47   308.10
6.22   -6.80   880.47   0.39   0.00   0.00   1.47   308.10
18.81   -21.64   885.00   0.05   0.00   0.00   3.48   273.80
18.81   -21.64   885.00   0.05   0.00   0.00   3.48   273.80
18.81   -21.64   885.00   0.05   0.00   0.00   3.48   273.80
18.81   -21.64   885.00   0.05   0.00   0.00   3.48   273.80
18.81   -21.64   885.00   0.05   0.00   0.00   3.48   273.80
18.81   -21.64   885.00   0.05   0.00   0.00   3.48   273.80
17.12   -4.15   880.84   0.23   0.00   0.00   4.23   151.89
17.12   -4.15   880.84   0.23   0.00   0.00   4.23   151.89
17.12   -4.15   880.84   0.23   0.00   0.00   4.23   151.89
17.12   -4.15   880.84   0.23   0.00   0.00   4.23   151.89
17.12   -4.15   880.84   0.23   0.00   0.00   4.23   151.89
17.12   -4.15   880.84   0.23   0.00   0.00   4.23   151.89
4.01   -6.72   882.66   0.46   0.00   0.00   1.72   216.68
4.01   -6.72   882.66   0.46   0.00   0.00   1.72   216.68
4.01   -6.72   882.66   0.46   0.00   0.00   1.72   216.68
4.01   -6.72   882.66   0.46   0.00   0.00   1.72   216.68
4.01   -6.72   882.66   0.46   0.00   0.00   1.72   216.68
3.32   -10.73   881.94   0.35   0.00   0.00   1.95   148.71
3.32   -10.73   881.94   0.35   0.00   0.00   1.95   148.71
3.32   -10.73   881.94   0.35   0.00   0.00   1.95   148.71
3.32   -10.73   881.94   0.35   0.00   0.00   1.95   148.71
3.32   -10.73   881.94   0.35   0.00   0.00   1.95   148.71
3.32   -10.73   881.94   0.35   0.00   0.00   1.95   148.71
-0.89   -15.97   882.70   0.31   0.00   0.00   1.93   259.23
-0.89   -15.97   882.70   0.31   0.00   0.00   1.93   259.23
-0.89   -15.97   882.70   0.31   0.00   0.00   1.93   259.23
-0.89   -15.97   882.70   0.31   0.00   0.00   1.93   259.23
-0.89   -15.97   882.70   0.31   0.00   0.00   1.93   259.23
-0.89   -15.97   882.70   0.31   0.00   0.00   1.93   259.23
5.88   -15.63   883.02   0.20   0.00   0.00   3.09   203.48
5.88   -15.63   883.02   0.20   0.00   0.00   3.09   203.48
5.88   -15.63   883.02   0.20   0.00   0.00   3.09   203.48
5.88   -15.63   883.02   0.20   0.00   0.00   3.09   203.48
5.88   -15.63   883.02   0.20   0.00   0.00   3.09   203.48
5.88   -15.63   883.02   0.20   0.00   0.00   3.09   203.48
-3.91   -21.80   885.88   0.23   0.00   0.00   1.99   292.81
-3.91   -21.80   885.88   0.23   0.00   0.00   1.99   292.81
-3.91   -21.80   885.88   0.23   0.00   0.00   1.99   292.81
-3.91   -21.80   885.88   0.23   0.00   0.00   1.99   292.81
-3.91   -21.80   885.88   0.23   0.00   0.00   1.99   292.81
-3.91   -21.80   885.88   0.23   0.00   0.00   1.99   292.81
-1.66   -21.99   885.90   0.20   0.00   0.00   2.48   279.83
-1.66   -21.99   885.90   0.20   0.00   0.00   2.48   279.83
-1.66   -21.99   885.90   0.20   0.00   0.00   2.48   279.83
-1.66   -21.99   885.90   0.20   0.00   0.00   2.48   279.83
-1.66   -21.99   885.90   0.20   0.00   0.00   2.48   279.83
-1.66   -21.99   885.90   0.20   0.00   0.00   2.48   279.83
20.79   -1.64   885.85   0.22   0.00   0.00   9.58   297.27
2.70   -7.12   872.09   0.48   0.00   0.00   1.75   308.91
2.70   -7.12   872.09   0.48   0.00   0.00   1.75   308.91
2.70   -7.12   872.09   0.48   0.00   0.00   1.75   308.91
2.70   -7.12   872.09   0.48   0.00   0.00   1.75   308.91
2.70   -7.12   872.09   0.48   0.00   0.00   1.75   308.91
14.59   -10.95   869.49   0.16   0.00   0.00   9.33   183.07
14.59   -10.95   869.49   0.16   0.00   0.00   9.33   183.07
14.59   -10.95   869.49   0.16   0.00   0.00   9.33   183.07
14.59   -10.95   869.49   0.16   0.00   0.00   9.33   183.07
14.59   -10.95   869.49   0.16   0.00   0.00   9.33   183.07
11.13   -2.05   865.04   0.40   0.00   0.00   10.77   181.70
11.13   -2.05   865.04   0.40   0.00   0.00   10.77   181.70
9.48   -2.36   879.88   0.43   2.44   0.00   4.28   147.43
9.48   -2.36   879.88   0.43   2.44   0.00   4.28   147.43
9.48   -2.36   879.88   0.43   2.44   0.00   4.28   147.43
11.49   -0.92   876.93   0.42   0.13   0.00   1.82   174.85
11.49   -0.92   876.93   0.42   0.13   0.00   1.82   174.85
11.49   -0.92   876.93   0.42   0.13   0.00   1.82   174.85
17.23   -5.35   869.54   0.21   0.20   0.00   6.31   161.86
17.23   -5.35   869.54   0.21   0.20   0.00   6.31   161.86
17.23   -5.35   869.54   0.21   0.20   0.00   6.31   161.86
17.23   -5.35   869.54   0.21   0.20   0.00   6.31   161.86
10.69   -6.11   872.94   0.30   0.00   0.00   1.78   199.62
10.69   -6.11   872.94   0.30   0.00   0.00   1.78   199.62
10.69   -6.11   872.94   0.30   0.00   0.00   1.78   199.62
10.69   -6.11   872.94   0.30   0.00   0.00   1.78   199.62
10.69   -6.11   872.94   0.30   0.00   0.00   1.78   199.62
10.69   -6.11   872.94   0.30   0.00   0.00   1.78   199.62
4.31   -13.35   876.56   0.26   0.00   0.00   9.42   336.19
4.31   -13.35   876.56   0.26   0.00   0.00   9.42   336.19
4.31   -13.35   876.56   0.26   0.00   0.00   9.42   336.19
4.31   -13.35   876.56   0.26   0.00   0.00   9.42   336.19
4.31   -13.35   876.56   0.26   0.00   0.00   9.42   336.19
4.31   -13.35   876.56   0.26   0.00   0.00   9.42   336.19
3.22   -13.09   875.49   0.29   0.00   0.00   8.16   330.44
3.22   -13.09   875.49   0.29   0.00   0.00   8.16   330.44
3.22   -13.09   875.49   0.29   0.00   0.00   8.16   330.44
3.22   -13.09   875.49   0.29   0.00   0.00   8.16   330.44
3.22   -13.09   875.49   0.29   0.00   0.00   8.16   330.44
3.22   -13.09   875.49   0.29   0.00   0.00   8.16   330.44
5.98   -1.03   880.23   0.61   0.05   0.00   4.31   149.92
5.98   -1.03   880.23   0.61   0.05   0.00   4.31   149.92
5.98   -1.03   880.23   0.61   0.05   0.00   4.31   149.92
5.98   -1.03   880.23   0.61   0.05   0.00   4.31   149.92
3.41   -7.37   872.29   0.45   0.00   0.00   2.68   279.21
3.41   -7.37   872.29   0.45   0.00   0.00   2.68   279.21
3.41   -7.37   872.29   0.45   0.00   0.00   2.68   279.21
3.41   -7.37   872.29   0.45   0.00   0.00   2.68   279.21
3.41   -7.37   872.29   0.45   0.00   0.00   2.68   279.21
3.41   -7.37   872.29   0.45   0.00   0.00   2.68   279.21
14.80   -14.02   874.86   0.12   0.00   0.00   3.30   142.95
14.80   -14.02   874.86   0.12   0.00   0.00   3.30   142.95
14.80   -14.02   874.86   0.12   0.00   0.00   3.30   142.95
14.80   -14.02   874.86   0.12   0.00   0.00   3.30   142.95
14.80   -14.02   874.86   0.12   0.00   0.00   3.30   142.95
14.80   -14.02   874.86   0.12   0.00   0.00   3.30   142.95
-0.48   -12.57   876.06   0.40   0.00   0.00   1.31   266.81
-0.48   -12.57   876.06   0.40   0.00   0.00   1.31   266.81
-0.48   -12.57   876.06   0.40   0.00   0.00   1.31   266.81
-0.48   -12.57   876.06   0.40   0.00   0.00   1.31   266.81
-0.48   -12.57   876.06   0.40   0.00   0.00   1.31   266.81
-0.48   -12.57   876.06   0.40   0.00   0.00   1.31   266.81
12.56   -5.83   872.50   0.27   0.00   0.00   4.14   172.70
12.56   -5.83   872.50   0.27   0.00   0.00   4.14   172.70
12.56   -5.83   872.50   0.27   0.00   0.00   4.14   172.70
12.56   -5.83   872.50   0.27   0.00   0.00   4.14   172.70
12.56   -5.83   872.50   0.27   0.00   0.00   4.14   172.70
12.56   -5.83   872.50   0.27   0.00   0.00   4.14   172.70
6.61   -1.28   880.12   0.57   0.05   0.00   3.96   141.51
6.61   -1.28   880.12   0.57   0.05   0.00   3.96   141.51
6.61   -1.28   880.12   0.57   0.05   0.00   3.96   141.51
6.61   -1.28   880.12   0.57   0.05   0.00   3.96   141.51
18.93   -8.40   871.47   0.15   0.08   0.00   2.38   189.80
18.93   -8.40   871.47   0.15   0.08   0.00   2.38   189.80
18.93   -8.40   871.47   0.15   0.08   0.00   2.38   189.80
18.93   -8.40   871.47   0.15   0.08   0.00   2.38   189.80
18.93   -8.40   871.47   0.15   0.08   0.00   2.38   189.80
18.93   -8.40   871.47   0.15   0.08   0.00   2.38   189.80
1.09   -2.01   879.78   0.80   0.05   0.00   1.67   181.18
1.09   -2.01   879.78   0.80   0.05   0.00   1.67   181.18
1.09   -2.01   879.78   0.80   0.05   0.00   1.67   181.18
1.09   -2.01   879.78   0.80   0.05   0.00   1.67   181.18
1.09   -2.01   879.78   0.80   0.05   0.00   1.67   181.18
7.05   -11.42   871.89   0.26   0.00   0.00   8.21   293.41
7.05   -11.42   871.89   0.26   0.00   0.00   8.21   293.41
7.05   -11.42   871.89   0.26   0.00   0.00   8.21   293.41
7.05   -11.42   871.89   0.26   0.00   0.00   8.21   293.41
7.05   -11.42   871.89   0.26   0.00   0.00   8.21   293.41
7.05   -11.42   871.89   0.26   0.00   0.00   8.21   293.41
0.52   -2.79   880.53   0.79   0.05   0.00   1.01   142.84
0.52   -2.79   880.53   0.79   0.05   0.00   1.01   142.84
0.52   -2.79   880.53   0.79   0.05   0.00   1.01   142.84
0.52   -2.79   880.53   0.79   0.05   0.00   1.01   142.84
0.52   -2.79   880.53   0.79   0.05   0.00   1.01   142.84
4.99   -11.23   874.41   0.30   0.00   0.00   3.56   283.21
4.99   -11.23   874.41   0.30   0.00   0.00   3.56   283.21
4.99   -11.23   874.41   0.30   0.00   0.00   3.56   283.21
4.99   -11.23   874.41   0.30   0.00   0.00   3.56   283.21
4.99   -11.23   874.41   0.30   0.00   0.00   3.56   283.21
4.99   -11.23   874.41   0.30   0.00   0.00   3.56   283.21
2.77   -1.87   878.85   0.72   0.00   0.00   2.56   224.94
2.77   -1.87   878.85   0.72   0.00   0.00   2.56   224.94
2.77   -1.87   878.85   0.72   0.00   0.00   2.56   224.94
2.77   -1.87   878.85   0.72   0.00   0.00   2.56   224.94
2.77   -1.87   878.85   0.72   0.00   0.00   2.56   224.94
2.77   -1.87   878.85   0.72   0.00   0.00   2.56   224.94
5.46   2.83   875.38   0.83   0.00   0.00   5.22   142.52
5.46   2.83   875.38   0.83   0.00   0.00   5.22   142.52
5.46   2.83   875.38   0.83   0.00   0.00   5.22   142.52
5.46   2.83   875.38   0.83   0.00   0.00   5.22   142.52
2.07   -5.31   869.94   0.58   0.00   0.00   2.58   248.21
2.07   -5.31   869.94   0.58   0.00   0.00   2.58   248.21
2.07   -5.31   869.94   0.58   0.00   0.00   2.58   248.21
2.07   -5.31   869.94   0.58   0.00   0.00   2.58   248.21
2.07   -5.31   869.94   0.58   0.00   0.00   2.58   248.21
2.07   -5.31   869.94   0.58   0.00   0.00   2.58   248.21
13.50   -13.53   870.61   0.14   0.00   0.00   3.89   218.94
13.50   -13.53   870.61   0.14   0.00   0.00   3.89   218.94
13.50   -13.53   870.61   0.14   0.00   0.00   3.89   218.94
13.50   -13.53   870.61   0.14   0.00   0.00   3.89   218.94
13.50   -13.53   870.61   0.14   0.00   0.00   3.89   218.94
13.50   -13.53   870.61   0.14   0.00   0.00   3.89   218.94
2.81   -1.86   878.83   0.71   0.05   0.00   2.52   186.91
