8183   0.4121   30000   60000
7364   0.4725   30000   60000
8429   0.8883   60000   90000
7012   0.4198   60000   90000
8413   0.4104   30000   60000
7368   0.3932   30000   60000
7327   0.9177   0   30000
6298   0.3466   30000   60000
6298   0.3578   0   30000
7327   0.5883   90000   120000
8344   0.4307   30000   60000
5980   0.5353   120000   150000
6296   0.4278   120000   150000
6293   0.3174   30000   60000
8347   0.3728   30000   60000
6293   0.5575   0   30000
7880   0.3183   0   30000
8185   0.9694   0   30000
7345   0.2919   60000   90000
6564   0.3698   120000   150000
6299   0.4264   60000   90000
6293   1.0056   90000   120000
8185   0.4773   90000   120000
6263   0.6783   90000   120000
7009   0.3178   30000   60000
5980   0.5108   60000   90000
6296   0.3913   30000   60000
7880   0.2823   150000   180000
5980   0.2920   0   30000
7345   0.3321   90000   120000
8347   0.5131   150000   180000
6563   0.3032   60000   90000
7580   0.4923   0   30000
8410   0.3175   90000   120000
6564   0.5106   30000   60000
6294   0.2927   0   30000
6294   0.3486   30000   60000
8185   0.5893   60000   90000
7880   0.2801   60000   90000
6564   0.3441   0   30000
8344   0.3429   60000   90000
5980   0.4283   90000   120000
7054   0.3013   60000   90000
6293   0.2956   60000   90000
7368   0.4644   150000   180000
8413   0.3524   150000   180000
7327   0.4687   120000   150000
7365   0.4683   150000   180000
7364   0.3934   120000   150000
8479   0.2992   120000   150000
7327   0.5805   150000   180000
6298   0.3859   60000   90000
7012   0.2957   0   30000
8479   0.3025   60000   90000
7327   0.8459   60000   90000
7012   0.3248   30000   60000
7011   0.4561   60000   90000
9216   0.3474   150000   180000
9197   0.3066   90000   120000
9227   0.4739   0   30000
9217   0.3057   0   30000
9217   0.3000   30000   60000
9224   0.2828   0   30000
6512   0.5412   90000   120000
8479   0.6264   0   30000
8382   0.6485   0   30000
8072   0.7376   150000   180000
7796   0.2869   30000   60000
8547   0.4102   0   30000
6402   0.5951   0   30000
6402   0.4938   30000   60000
8382   0.3421   30000   60000
8197   0.3075   30000   60000
6409   0.2888   120000   150000
8354   0.3303   90000   120000
8547   0.4617   90000   120000
6512   0.5535   0   30000
8449   0.3419   120000   150000
8197   0.6710   90000   120000
8072   0.3918   60000   90000
8051   0.3077   60000   90000
8506   0.4872   30000   60000
6257   0.4192   30000   60000
8429   0.3481   150000   180000
7540   0.2980   150000   180000
6826   0.3976   180000   210000
6653   0.6267   90000   120000
8506   0.4820   0   30000
8104   0.5762   60000   90000
8057   0.3386   0   30000
6826   0.4571   210000   240000
6512   0.3912   30000   60000
8354   0.2810   0   30000
8198   0.4369   0   30000
8398   0.2826   90000   120000
8325   0.9619   90000   120000
8488   0.3563   0   30000
8281   0.5670   0   30000
8288   0.5228   150000   180000
7981   1.1226   90000   120000
8420   0.4400   0   30000
6313   0.3623   120000   150000
8068   0.3134   120000   150000
8288   0.3886   120000   150000
6819   18.4586   150000   180000
6359   0.2865   120000   150000
8198   0.5232   30000   60000
8344   0.3528   0   30000
6802   0.3162   150000   180000
8281   0.3643   90000   120000
8069   0.4172   120000   150000
8325   1.0179   0   30000
8488   0.3324   90000   120000
8424   0.5064   0   30000
8308   0.5002   150000   180000
7981   0.5898   0   30000
7906   0.6769   0   30000
8103   0.5374   60000   90000
8416   0.3549   150000   180000
6313   0.2948   60000   90000
8420   0.4503   90000   120000
8416   0.4171   120000   150000
7906   0.3159   30000   60000
7981   0.3740   30000   60000
6514   0.4366   60000   90000
8398   0.3544   30000   60000
8379   0.2936   120000   150000
8069   0.4486   150000   180000
8325   0.8817   30000   60000
6320   0.4844   90000   120000
8344   0.5101   90000   120000
7981   0.4261   60000   90000
7906   0.6734   60000   90000
8420   0.5035   120000   150000
8474   0.3776   120000   150000
6313   0.3812   0   30000
6320   0.4905   120000   150000
8307   0.3326   0   30000
8325   0.6588   60000   90000
8281   0.3904   150000   180000
6359   0.9465   0   30000
8281   0.3024   120000   150000
6359   0.5300   30000   60000
8069   0.2962   90000   120000
8344   0.3426   150000   180000
8368   0.3059   30000   60000
8474   0.4290   150000   180000
8103   0.3842   30000   60000
7906   0.3584   150000   180000
8103   0.3140   90000   120000
6802   0.3863   210000   240000
8288   0.3310   90000   120000
8416   0.5245   0   30000
8475   0.5370   0   30000
8240   0.3056   60000   90000
6802   0.3397   180000   210000
8281   0.4720   60000   90000
6359   0.3155   90000   120000
8325   0.3128   150000   180000
7730   0.2958   120000   150000
6263   0.4826   60000   90000
8069   0.5154   0   30000
8325   0.6074   120000   150000
8287   0.3678   90000   120000
8420   0.3696   60000   90000
8416   0.3045   30000   60000
6826   0.4267   150000   180000
8429   0.4223   90000   120000
6512   0.4211   60000   90000
8197   0.3412   150000   180000
8072   0.5336   0   30000
8104   0.5720   30000   60000
6409   0.3101   0   30000
8197   0.5897   120000   150000
8104   0.4820   0   30000
8109   0.3058   120000   150000
8547   0.5199   120000   150000
8493   0.2808   90000   120000
6257   0.2806   60000   90000
8506   0.3620   60000   90000
6402   0.3632   120000   150000
6653   0.4319   150000   180000
8506   0.3696   120000   150000
8409   0.5080   60000   90000
6402   0.4390   60000   90000
8547   0.2970   60000   90000
8354   0.3145   120000   150000
8197   0.4867   60000   90000
8072   0.4926   90000   120000
8183   0.3350   60000   90000
6452   0.3090   0   30000
8128   0.4059   150000   180000
7694   0.3034   30000   60000
8383   0.5239   150000   180000
6653   0.3870   60000   90000
8506   0.9131   150000   180000
8810   0.4871   60000   90000
8810   0.4250   150000   180000
8782   0.3360   60000   90000
8782   0.4599   150000   180000
9244   0.3854   0   30000
9244   0.4345   30000   60000
9244   0.3614   60000   90000
9244   0.4242   90000   120000
9244   0.8552   120000   150000
9244   2.0654   150000   180000
8884   0.9312   0   30000
8884   0.6973   30000   60000
8884   0.6448   60000   90000
8884   0.2908   90000   120000
8884   0.3379   120000   150000
8816   0.3967   30000   60000
8816   1.1223   60000   90000
8816   0.5186   90000   120000
8771   0.4793   30000   60000
8769   0.3301   60000   90000
8769   0.2987   90000   120000
6563   0.3059   60000   90000
6563   0.3062   60000   90000
6563   0.3634   60000   90000
6563   0.3108   60000   90000
6563   0.2900   60000   90000
6563   0.2949   60000   90000
6563   0.3438   60000   90000
6563   0.3305   60000   90000
6563   0.3352   60000   90000
6563   0.3434   60000   90000
6563   0.4499   60000   90000
6563   0.4157   60000   90000
6563   0.3720   60000   90000
6563   0.3493   60000   90000
9216   0.3096   60000   90000
9216   0.2931   60000   90000
9216   0.2801   60000   90000
9244   1.5283   150000   180000
9244   0.7858   150000   180000
9244   0.8998   150000   180000
9244   0.9608   150000   180000
9244   1.2339   150000   180000
9244   1.0278   150000   180000
9244   0.7805   150000   180000
9244   1.0164   150000   180000
9244   1.9598   150000   180000
9244   0.8403   150000   180000
9244   0.6573   150000   180000
9244   1.1905   150000   180000
9244   1.0197   150000   180000
9244   0.7378   150000   180000
9244   1.3700   150000   180000
9244   1.6363   150000   180000
9244   1.1233   150000   180000
7880   0.2825   150000   180000
7880   0.2982   150000   180000
7880   0.3110   150000   180000
7880   0.3069   150000   180000
7880   0.3180   150000   180000
7880   0.3298   150000   180000
7880   0.2957   150000   180000
7880   0.3357   150000   180000
7880   0.3535   150000   180000
7880   0.3523   150000   180000
7880   0.3903   150000   180000
8888   0.3198   120000   150000
8888   0.3147   120000   150000
8888   0.3324   120000   150000
7343   0.3086   30000   60000
9224   0.3523   0   30000
9224   0.3943   0   30000
9224   0.2944   0   30000
9224   0.3411   0   30000
9224   0.3491   0   30000
9224   0.3285   0   30000
9224   0.3063   0   30000
9224   0.2999   0   30000
9224   0.3575   0   30000
9224   0.4065   0   30000
9224   0.3169   0   30000
9224   0.3020   0   30000
9224   0.4544   0   30000
8506   0.3490   60000   90000
8506   0.3410   60000   90000
8506   0.3807   60000   90000
8506   0.3906   60000   90000
8506   0.2939   60000   90000
7906   0.4102   30000   60000
7906   0.3611   30000   60000
7906   0.3354   30000   60000
8403   0.2994   60000   90000
8403   0.2943   60000   90000
6854   0.3120   120000   150000
6854   0.2976   120000   150000
9200   0.2874   60000   90000
9200   0.3582   60000   90000
9200   0.3080   60000   90000
8404   0.2953   30000   60000
8404   0.2992   30000   60000
8404   0.2951   30000   60000
8404   0.2974   30000   60000
8404   0.2999   30000   60000
8404   0.3861   30000   60000
8420   0.3407   30000   60000
8420   0.2908   30000   60000
8420   0.3294   30000   60000
7575   0.3610   150000   180000
8410   0.2815   120000   150000
8410   0.3311   120000   150000
8410   0.3552   120000   150000
8410   0.3263   120000   150000
8410   0.3083   120000   150000
8281   0.2814   120000   150000
8281   0.3819   120000   150000
8281   0.3043   120000   150000
7878   0.2894   60000   90000
6313   0.3403   90000   120000
6313   0.2970   90000   120000
6313   0.2863   90000   120000
6313   0.3669   90000   120000
6313   0.4804   90000   120000
6313   0.3042   90000   120000
6313   0.4425   90000   120000
6313   0.5896   90000   120000
6313   0.3760   90000   120000
6313   0.3685   90000   120000
8103   0.3492   150000   180000
8183   0.2920   0   30000
8183   0.3158   0   30000
8183   0.2900   0   30000
8183   0.3464   0   30000
8183   0.4134   0   30000
8183   0.3001   0   30000
8183   0.4245   0   30000
8183   0.4684   0   30000
8183   0.3976   0   30000
8057   0.2929   60000   90000
8057   0.2939   60000   90000
7966   0.2929   120000   150000
8413   0.3413   120000   150000
8413   0.4099   120000   150000
8413   0.3032   120000   150000
8413   0.4241   120000   150000
8413   0.3703   120000   150000
8413   0.5701   120000   150000
8413   0.5707   120000   150000
6293   0.5046   0   30000
6293   0.7218   0   30000
6293   0.7088   0   30000
6293   0.4717   0   30000
6293   0.4194   0   30000
6293   0.4672   0   30000
6293   0.5287   0   30000
6293   0.8857   0   30000
6293   0.8393   0   30000
6293   0.6162   0   30000
6293   0.5177   0   30000
6293   0.2972   0   30000
6293   0.3519   0   30000
6293   0.4176   0   30000
6293   0.3692   0   30000
6293   0.5436   0   30000
6293   0.5527   0   30000
6293   0.4738   0   30000
8409   0.5581   60000   90000
8409   0.3638   60000   90000
8409   0.4728   60000   90000
8409   0.5935   60000   90000
8409   0.5586   60000   90000
8409   0.2888   60000   90000
8409   0.3028   60000   90000
8409   0.4442   60000   90000
8409   0.5260   60000   90000
8409   0.5701   60000   90000
8409   0.6064   60000   90000
8409   0.5555   60000   90000
8409   0.5313   60000   90000
8409   0.4958   60000   90000
8409   0.3293   60000   90000
8409   0.3553   60000   90000
8409   0.4672   60000   90000
8479   0.3599   60000   90000
8479   0.3458   60000   90000
8479   0.3204   60000   90000
8479   0.3378   60000   90000
8479   0.2996   60000   90000
8479   0.3502   60000   90000
8479   0.3324   60000   90000
8479   0.3017   60000   90000
8479   0.3132   60000   90000
8479   0.3192   60000   90000
8079   0.3438   0   30000
6294   0.4143   30000   60000
6294   0.4058   30000   60000
6294   0.3964   30000   60000
6294   0.3468   30000   60000
6294   0.4016   30000   60000
6294   0.3731   30000   60000
6294   0.3194   30000   60000
6294   0.3927   30000   60000
6294   0.3589   30000   60000
6294   0.3022   30000   60000
6294   0.4028   30000   60000
6294   0.3275   30000   60000
9244   0.4832   90000   120000
9244   0.5760   90000   120000
9244   0.4928   90000   120000
9244   0.7173   90000   120000
9244   0.3303   90000   120000
9244   0.3693   90000   120000
9244   0.2896   90000   120000
9244   0.5892   90000   120000
6296   0.4313   120000   150000
6296   0.4468   120000   150000
6296   0.4202   120000   150000
6296   0.3916   120000   150000
6296   0.3670   120000   150000
6296   0.4119   120000   150000
6296   0.4720   120000   150000
6296   0.4385   120000   150000
6296   0.4194   120000   150000
6296   0.3945   120000   150000
6296   0.3882   120000   150000
6296   0.3542   120000   150000
6296   0.3318   120000   150000
6296   0.3237   120000   150000
6296   0.3677   120000   150000
6296   0.3653   120000   150000
6296   0.4184   120000   150000
6296   0.4480   120000   150000
8769   0.2812   120000   150000
8769   0.3546   120000   150000
8354   0.2919   90000   120000
8354   0.3124   90000   120000
8354   0.3262   90000   120000
8354   0.3064   90000   120000
8354   0.2939   90000   120000
8354   0.3255   90000   120000
8354   0.2955   90000   120000
8354   0.3196   90000   120000
8354   0.2837   90000   120000
7368   0.3637   60000   90000
7368   0.3274   60000   90000
7368   0.3210   60000   90000
7368   0.3342   60000   90000
7368   0.3774   60000   90000
7368   0.2839   60000   90000
7364   0.4158   120000   150000
7364   0.3041   120000   150000
7364   0.4296   120000   150000
7364   0.4437   120000   150000
7364   0.4489   120000   150000
7364   0.3965   120000   150000
7364   0.3956   120000   150000
7364   0.5076   120000   150000
7364   0.4848   120000   150000
7364   0.5033   120000   150000
7364   0.4678   120000   150000
7364   0.4326   120000   150000
7364   0.3335   120000   150000
7364   0.2983   120000   150000
8405   0.4802   90000   120000
7009   0.2927   90000   120000
7009   0.4688   90000   120000
7009   0.4180   90000   120000
8429   0.7998   60000   90000
8429   0.5556   60000   90000
8429   0.6918   60000   90000
8429   0.7602   60000   90000
8429   0.7621   60000   90000
8429   0.6817   60000   90000
8429   0.8510   60000   90000
8429   0.7148   60000   90000
8429   0.8649   60000   90000
8429   0.6042   60000   90000
8429   0.3540   60000   90000
8429   0.8702   60000   90000
8429   0.5603   60000   90000
8429   0.5913   60000   90000
8429   0.6902   60000   90000
8429   0.3465   60000   90000
8429   0.5428   60000   90000
8429   0.3362   60000   90000
8409   0.2988   30000   60000
8409   0.3659   30000   60000
8409   0.2825   30000   60000
8081   0.3998   150000   180000
8819   0.4080   90000   120000
8409   0.3039   120000   150000
8409   0.3649   120000   150000
7009   0.3006   0   30000
7009   0.2999   0   30000
6563   0.3380   120000   150000
6563   0.3032   120000   150000
6563   0.4340   120000   150000
6563   0.2907   120000   150000
6563   0.3130   120000   150000
6565   0.3118   150000   180000
8474   0.3204   120000   150000
8474   0.2908   120000   150000
8474   0.2941   120000   150000
8474   0.2850   120000   150000
8782   0.4611   150000   180000
8782   0.3766   150000   180000
8782   0.4361   150000   180000
8782   0.3102   150000   180000
8782   0.3374   150000   180000
8782   0.4952   150000   180000
8782   0.4128   150000   180000
8782   0.4839   150000   180000
8782   0.3777   150000   180000
8810   0.2937   150000   180000
8810   0.3436   150000   180000
8810   0.3795   150000   180000
8810   0.6352   150000   180000
8810   0.3644   150000   180000
8810   0.5641   150000   180000
8810   0.3099   150000   180000
8810   0.3794   150000   180000
8120   0.3532   120000   150000
8185   0.8395   0   30000
8185   0.4990   0   30000
8185   0.4433   0   30000
8185   0.8099   0   30000
8185   0.6816   0   30000
8185   0.5805   0   30000
8185   0.4259   0   30000
8185   0.3916   0   30000
8185   0.6495   0   30000
8185   0.6135   0   30000
8185   0.6106   0   30000
8185   0.7225   0   30000
8185   0.6709   0   30000
8185   0.5673   0   30000
8185   0.9834   0   30000
8185   0.9135   0   30000
8185   0.6191   0   30000
8185   0.4764   0   30000
7368   0.4327   150000   180000
7368   0.4642   150000   180000
7368   0.3789   150000   180000
7368   0.4471   150000   180000
7368   0.3977   150000   180000
7368   0.4478   150000   180000
7368   0.3606   150000   180000
7368   0.3641   150000   180000
7368   0.3573   150000   180000
7368   0.3565   150000   180000
7368   0.4124   150000   180000
7368   0.4268   150000   180000
7368   0.5276   150000   180000
7368   0.5205   150000   180000
7368   0.4465   150000   180000
7368   0.4457   150000   180000
7368   0.5029   150000   180000
7368   0.4705   150000   180000
8185   0.5211   60000   90000
8185   0.3469   60000   90000
8185   0.4425   60000   90000
8185   0.6544   60000   90000
8185   0.4130   60000   90000
8185   0.3150   60000   90000
8185   0.3268   60000   90000
8185   0.3284   60000   90000
8185   0.3066   60000   90000
8185   0.6857   60000   90000
8185   0.9917   60000   90000
8185   1.0989   60000   90000
8185   1.1487   60000   90000
8185   0.8611   60000   90000
8347   0.4400   150000   180000
8347   0.4610   150000   180000
8347   0.3169   150000   180000
8347   0.4773   150000   180000
8347   0.6271   150000   180000
8347   0.4323   150000   180000
8347   0.3340   150000   180000
8347   0.3801   150000   180000
8347   0.3332   150000   180000
8347   0.4664   150000   180000
8347   0.5070   150000   180000
8347   0.6238   150000   180000
8347   0.6340   150000   180000
8347   0.6837   150000   180000
8347   0.5869   150000   180000
8347   0.4867   150000   180000
8347   0.3360   150000   180000
7364   0.2818   0   30000
7364   0.3000   0   30000
6286   0.3262   30000   60000
6286   0.2904   30000   60000
6286   0.3003   30000   60000
6286   0.4403   30000   60000
6286   0.3798   30000   60000
6286   0.3300   30000   60000
6286   0.3169   30000   60000
8383   0.3447   150000   180000
8383   0.2903   150000   180000
8383   0.5562   150000   180000
8383   0.2880   150000   180000
8383   0.3242   150000   180000
6263   0.3179   120000   150000
6263   0.3213   120000   150000
6263   0.2819   120000   150000
6263   0.5802   120000   150000
6263   0.6877   120000   150000
6263   0.6867   120000   150000
6263   0.3790   120000   150000
6263   0.3162   120000   150000
6293   0.3311   60000   90000
6293   0.4115   60000   90000
6293   0.3757   60000   90000
6293   0.4113   60000   90000
6293   0.4354   60000   90000
6293   0.3832   60000   90000
6293   0.3098   60000   90000
6293   0.3636   60000   90000
6293   0.3838   60000   90000
6293   0.3275   60000   90000
8410   0.3276   90000   120000
8410   0.2950   90000   120000
8410   0.2932   90000   120000
8410   0.3602   90000   120000
8410   0.3503   90000   120000
8410   0.4025   90000   120000
8410   0.4095   90000   120000
7368   0.3359   30000   60000
7368   0.3910   30000   60000
7368   0.3945   30000   60000
7368   0.3553   30000   60000
7368   0.3067   30000   60000
7368   0.3384   30000   60000
7368   0.4262   30000   60000
7368   0.4633   30000   60000
7368   0.4127   30000   60000
7368   0.3817   30000   60000
7368   0.3907   30000   60000
7368   0.4442   30000   60000
7368   0.3775   30000   60000
7368   0.3467   30000   60000
7368   0.3226   30000   60000
7368   0.4745   30000   60000
7368   0.5724   30000   60000
8347   0.3719   30000   60000
8347   0.4374   30000   60000
8347   0.4343   30000   60000
8347   0.3312   30000   60000
8347   0.3376   30000   60000
8347   0.5004   30000   60000
8347   0.4666   30000   60000
8347   0.5480   30000   60000
8347   0.5494   30000   60000
8347   0.4986   30000   60000
8347   0.4029   30000   60000
8347   0.2830   30000   60000
8347   0.3493   30000   60000
8347   0.4203   30000   60000
8347   0.4795   30000   60000
8347   0.4968   30000   60000
8367   0.4453   120000   150000
6293   0.3816   120000   150000
6293   0.3029   120000   150000
6293   0.3143   120000   150000
6293   0.4615   120000   150000
6293   0.6162   120000   150000
7796   0.3713   120000   150000
6294   0.3107   60000   90000
6294   0.3110   60000   90000
8258   0.3712   0   30000
8258   0.3464   0   30000
8258   0.3700   0   30000
7012   0.2996   30000   60000
7012   0.2882   30000   60000
7012   0.3171   30000   60000
7012   0.3016   30000   60000
7012   0.3241   30000   60000
7012   0.2868   30000   60000
7012   0.2962   30000   60000
7012   0.3465   30000   60000
7012   0.2953   30000   60000
7012   0.2894   30000   60000
7012   0.3333   30000   60000
8268   0.4288   90000   120000
9197   0.3159   150000   180000
9197   0.3154   150000   180000
9197   0.2893   150000   180000
9197   0.3688   150000   180000
9197   0.3844   150000   180000
9197   0.3362   150000   180000
9197   0.4972   150000   180000
7575   0.2820   60000   90000
5980   0.4857   60000   90000
5980   0.4996   60000   90000
5980   0.5335   60000   90000
5980   0.5105   60000   90000
5980   0.5270   60000   90000
5980   0.5738   60000   90000
5980   0.5525   60000   90000
5980   0.5999   60000   90000
5980   0.5254   60000   90000
5980   0.4943   60000   90000
5980   0.4510   60000   90000
5980   0.5196   60000   90000
5980   0.4517   60000   90000
5980   0.4023   60000   90000
5980   0.5003   60000   90000
5980   0.5256   60000   90000
5980   0.5115   60000   90000
5980   0.5018   60000   90000
8429   0.3593   30000   60000
8051   0.3860   150000   180000
9216   0.2975   0   30000
9216   0.3128   0   30000
6299   0.2865   90000   120000
6299   0.3011   90000   120000
9387   0.3085   120000   150000
6359   0.3467   60000   90000
6359   0.3413   60000   90000
6359   0.3280   60000   90000
6359   0.2928   60000   90000
6359   0.3299   60000   90000
6359   0.4498   60000   90000
6359   0.6388   60000   90000
6359   0.2818   60000   90000
8405   0.2809   150000   180000
8405   0.3130   150000   180000
7880   0.2870   60000   90000
7880   0.3100   60000   90000
7880   0.3054   60000   90000
7880   0.3330   60000   90000
7880   0.3199   60000   90000
6294   0.3059   0   30000
6294   0.3305   0   30000
6294   0.3226   0   30000
6294   0.2975   0   30000
6294   0.3280   0   30000
6294   0.3219   0   30000
6294   0.3433   0   30000
6294   0.4030   0   30000
6294   0.2868   0   30000
8416   0.4161   90000   120000
8416   0.3145   90000   120000
8416   0.4672   90000   120000
8416   0.2999   90000   120000
8416   0.4437   90000   120000
8884   0.3828   120000   150000
8884   0.5597   120000   150000
8884   0.2820   120000   150000
8884   0.3765   120000   150000
8884   0.3370   120000   150000
7009   0.3138   30000   60000
7009   0.3055   30000   60000
7009   0.3068   30000   60000
7009   0.3355   30000   60000
7009   0.3256   30000   60000
7009   0.3175   30000   60000
7009   0.3077   30000   60000
7009   0.3596   30000   60000
7009   0.3043   30000   60000
7009   0.2970   30000   60000
7009   0.2897   30000   60000
7009   0.3458   30000   60000
7327   0.6420   60000   90000
7327   0.7679   60000   90000
7327   0.8205   60000   90000
7327   0.7391   60000   90000
7327   0.6615   60000   90000
7327   0.6347   60000   90000
7327   0.7893   60000   90000
7327   0.9382   60000   90000
7327   0.9324   60000   90000
7327   1.0341   60000   90000
7327   0.9706   60000   90000
7327   0.8593   60000   90000
7327   0.6435   60000   90000
7327   0.6377   60000   90000
7327   0.5704   60000   90000
7327   0.5515   60000   90000
7327   0.7019   60000   90000
7327   0.7357   60000   90000
6298   0.3635   0   30000
6298   0.3277   0   30000
6298   0.3902   0   30000
6298   0.4072   0   30000
6298   0.3493   0   30000
6298   0.2925   0   30000
6298   0.3801   0   30000
6298   0.4192   0   30000
6298   0.4610   0   30000
6298   0.4212   0   30000
6298   0.4109   0   30000
6298   0.4136   0   30000
6298   0.3701   0   30000
6298   0.3309   0   30000
8288   0.3705   30000   60000
8288   0.3905   30000   60000
8288   0.3107   30000   60000
6565   0.2864   120000   150000
6565   0.3122   120000   150000
6565   0.3218   120000   150000
6565   0.3072   120000   150000
6565   0.3003   120000   150000
6565   0.3491   120000   150000
6565   0.3318   120000   150000
6565   0.3283   120000   150000
7013   0.2838   120000   150000
7013   0.3022   120000   150000
7013   0.3079   120000   150000
7013   0.3212   120000   150000
7013   0.3436   120000   150000
6564   0.3836   0   30000
6564   0.4703   0   30000
6564   0.3446   0   30000
6564   0.3366   0   30000
6564   0.4227   0   30000
6564   0.4358   0   30000
6564   0.7640   0   30000
6564   0.5169   0   30000
6564   0.3117   0   30000
6564   0.3044   0   30000
6564   0.2900   0   30000
6564   0.3786   0   30000
6564   0.7126   0   30000
6402   0.5307   90000   120000
6402   0.3418   90000   120000
6402   0.5827   90000   120000
6402   0.2926   90000   120000
6402   0.3316   90000   120000
6402   0.4683   90000   120000
6402   0.2918   90000   120000
6402   0.2950   90000   120000
6402   0.3983   90000   120000
6564   0.3240   30000   60000
6564   0.4995   30000   60000
6564   0.3270   30000   60000
6564   0.3638   30000   60000
6564   0.4802   30000   60000
6564   0.6010   30000   60000
6564   0.5383   30000   60000
6564   0.3317   30000   60000
6564   0.4125   30000   60000
6564   0.4260   30000   60000
6564   0.4394   30000   60000
6564   0.4967   30000   60000
6564   0.5200   30000   60000
6564   0.6057   30000   60000
5980   0.2935   30000   60000
5980   0.3638   30000   60000
5980   0.2868   30000   60000
5980   0.3794   30000   60000
5980   0.3296   30000   60000
7012   0.3109   0   30000
7012   0.2836   0   30000
7012   0.3142   0   30000
7012   0.3276   0   30000
7012   0.3113   0   30000
7012   0.2969   0   30000
7012   0.2861   0   30000
7012   0.3177   0   30000
7012   0.3213   0   30000
7012   0.3084   0   30000
7364   0.3972   30000   60000
7364   0.3889   30000   60000
7364   0.4254   30000   60000
7364   0.4869   30000   60000
7364   0.4042   30000   60000
7364   0.3428   30000   60000
7364   0.3949   30000   60000
7364   0.3969   30000   60000
7364   0.4318   30000   60000
7364   0.4246   30000   60000
7364   0.4916   30000   60000
7364   0.5178   30000   60000
7364   0.4503   30000   60000
7364   0.3868   30000   60000
7364   0.3695   30000   60000
7364   0.3188   30000   60000
7364   0.3432   30000   60000
7364   0.3661   30000   60000
8480   0.2875   0   30000
8480   0.2956   0   30000
8480   0.3141   0   30000
6819   20.9538   150000   180000
6819   18.2161   150000   180000
6819   19.7717   150000   180000
6819   17.9792   150000   180000
6819   19.0852   150000   180000
6819   16.8774   150000   180000
6819   15.6264   150000   180000
6819   11.8778   150000   180000
6819   14.1199   150000   180000
6819   14.2764   150000   180000
6819   19.3449   150000   180000
6819   10.9508   150000   180000
6819   8.6793   150000   180000
6819   10.8463   150000   180000
6819   15.9952   150000   180000
6819   12.0236   150000   180000
6819   11.2020   150000   180000
6819   1.0392   150000   180000
8344   0.2846   60000   90000
8344   0.4410   60000   90000
8344   0.3452   60000   90000
8344   0.3357   60000   90000
8344   0.2973   60000   90000
8344   0.3688   60000   90000
8344   0.4457   60000   90000
8344   0.4340   60000   90000
8344   0.3725   60000   90000
7345   0.2926   60000   90000
7345   0.2949   60000   90000
7345   0.2911   60000   90000
7345   0.2865   60000   90000
7345   0.2955   60000   90000
7345   0.3057   60000   90000
7345   0.2925   60000   90000
7012   0.3294   90000   120000
7012   0.3197   90000   120000
9200   0.2859   30000   60000
9200   0.7488   30000   60000
9200   0.4240   30000   60000
9200   0.3299   30000   60000
9200   0.3188   30000   60000
9200   0.2950   30000   60000
8403   0.2801   120000   150000
8128   0.3203   150000   180000
8128   0.3772   150000   180000
8128   0.4859   150000   180000
8128   0.5201   150000   180000
8128   0.4666   150000   180000
8128   0.3295   150000   180000
8128   0.4773   150000   180000
8128   0.3336   150000   180000
6565   0.2940   0   30000
6565   0.3287   0   30000
6565   0.3091   0   30000
6565   0.3131   0   30000
6565   0.3436   0   30000
8185   0.6503   120000   150000
8185   0.3261   120000   150000
8185   0.2857   120000   150000
8185   0.3165   120000   150000
8494   0.2994   120000   150000
8231   0.2928   60000   90000
8185   0.3408   90000   120000
8185   0.2966   90000   120000
8185   0.3809   90000   120000
8185   0.4463   90000   120000
8185   0.5233   90000   120000
8185   0.4850   90000   120000
8185   0.3070   90000   120000
8185   0.3274   90000   120000
8185   0.3972   90000   120000
8185   0.3215   90000   120000
8185   0.4572   90000   120000
8185   0.6158   90000   120000
8185   0.7879   90000   120000
8185   0.7563   90000   120000
8185   0.5633   90000   120000
8185   0.3992   90000   120000
8185   0.2828   90000   120000
6900   0.3184   150000   180000
8884   0.3274   150000   180000
8884   0.2943   150000   180000
5980   0.3223   0   30000
5980   0.2835   0   30000
5980   0.2971   0   30000
5980   0.3791   0   30000
5980   0.3186   0   30000
5980   0.5598   0   30000
5980   0.3921   0   30000
5980   0.3217   0   30000
5980   0.3243   0   30000
7327   0.5384   90000   120000
7327   0.5163   90000   120000
7327   0.4765   90000   120000
7327   0.4522   90000   120000
7327   0.5942   90000   120000
7327   0.5647   90000   120000
7327   0.5076   90000   120000
7327   0.4712   90000   120000
7327   0.5416   90000   120000
7327   0.3974   90000   120000
7327   0.3716   90000   120000
7327   0.5008   90000   120000
7327   0.6151   90000   120000
7327   0.6177   90000   120000
7327   0.6105   90000   120000
7327   0.6289   90000   120000
7327   0.5849   90000   120000
6359   0.3952   90000   120000
6359   0.4326   90000   120000
6359   0.4275   90000   120000
6359   0.4389   90000   120000
6359   0.2956   90000   120000
6359   0.4330   90000   120000
6359   0.3763   90000   120000
6359   0.6740   90000   120000
6359   0.4611   90000   120000
6359   0.3446   90000   120000
6359   0.7758   90000   120000
8479   0.3111   120000   150000
8479   0.2947   120000   150000
8479   0.3122   120000   150000
8479   0.3282   120000   150000
8479   0.3109   120000   150000
8479   0.3226   120000   150000
8479   0.3250   120000   150000
8479   0.3265   120000   150000
8479   0.3559   120000   150000
8479   0.3273   120000   150000
8479   0.2858   120000   150000
8109   0.3377   60000   90000
8109   0.3009   60000   90000
6293   0.3352   30000   60000
6293   0.3926   30000   60000
6293   0.3525   30000   60000
6293   0.3938   30000   60000
6293   0.3715   30000   60000
6293   0.3756   30000   60000
6293   0.4062   30000   60000
6293   0.4195   30000   60000
6293   0.3360   30000   60000
6293   0.3275   30000   60000
6293   0.3133   30000   60000
6293   0.4414   30000   60000
6293   0.4319   30000   60000
6293   0.3793   30000   60000
6293   0.3997   30000   60000
6293   0.4407   30000   60000
6293   0.4681   30000   60000
8462   0.4774   90000   120000
8069   0.3355   90000   120000
8069   0.3773   90000   120000
8069   0.3939   90000   120000
8069   0.3062   90000   120000
8069   0.3242   90000   120000
7364   0.2924   60000   90000
7364   0.3220   60000   90000
7364   0.2954   60000   90000
6565   0.2859   90000   120000
6565   0.4360   90000   120000
6565   0.3258   90000   120000
6565   0.3386   90000   120000
6565   0.3452   90000   120000
6565   0.4978   90000   120000
6565   0.4568   90000   120000
6565   0.3304   90000   120000
8197   0.5558   90000   120000
8197   0.6606   90000   120000
8197   0.5918   90000   120000
8197   0.7198   90000   120000
8197   0.5498   90000   120000
8197   0.5190   90000   120000
8197   0.6912   90000   120000
8197   0.6632   90000   120000
8197   0.5400   90000   120000
8197   0.5034   90000   120000
7580   0.3617   120000   150000
7694   0.3282   150000   180000
7327   0.5075   150000   180000
7327   0.4985   150000   180000
7327   0.5705   150000   180000
7327   0.5985   150000   180000
7327   0.5281   150000   180000
7327   0.4790   150000   180000
7327   0.5096   150000   180000
7327   0.4254   150000   180000
7327   0.5322   150000   180000
7327   0.5346   150000   180000
7327   0.5839   150000   180000
7327   0.5804   150000   180000
7327   0.5857   150000   180000
7327   0.5756   150000   180000
7327   0.4741   150000   180000
7327   0.4438   150000   180000
7327   0.4791   150000   180000
7327   0.4751   150000   180000
5980   0.3857   120000   150000
5980   0.4584   120000   150000
5980   0.4143   120000   150000
5980   0.3694   120000   150000
5980   0.3564   120000   150000
5980   0.2978   120000   150000
5980   0.4476   120000   150000
5980   0.5730   120000   150000
5980   0.4536   120000   150000
5980   0.4842   120000   150000
5980   0.4295   120000   150000
5980   0.3478   120000   150000
5980   0.3200   120000   150000
5980   0.3174   120000   150000
5980   0.4439   120000   150000
7880   0.2854   90000   120000
8068   0.2813   150000   180000
8068   0.4063   150000   180000
8308   0.4987   150000   180000
8308   0.4007   150000   180000
8308   0.3080   150000   180000
8308   0.5257   150000   180000
8308   0.4636   150000   180000
8308   0.3177   150000   180000
8308   0.3047   150000   180000
8308   0.5500   150000   180000
8308   0.5233   150000   180000
8308   0.3357   150000   180000
8198   0.4227   0   30000
8198   0.3196   0   30000
8198   0.3527   0   30000
8198   0.3287   0   30000
8198   0.3309   0   30000
8198   0.4231   0   30000
8198   0.5210   0   30000
8198   0.3216   0   30000
8198   0.3599   0   30000
8198   0.4390   0   30000
8198   0.3683   0   30000
9217   0.2873   150000   180000
9217   0.2859   150000   180000
9217   0.2907   150000   180000
6563   0.2828   30000   60000
6563   0.3635   30000   60000
6563   0.2842   30000   60000
8346   0.2863   150000   180000
8185   0.3634   30000   60000
8185   0.3500   30000   60000
8185   0.3114   30000   60000
8185   0.3830   30000   60000
8185   0.3868   30000   60000
8185   0.3521   30000   60000
8185   0.3142   30000   60000
8185   0.2858   30000   60000
8185   0.3837   30000   60000
8185   0.4093   30000   60000
8185   0.4763   30000   60000
8344   0.4145   30000   60000
8344   0.3309   30000   60000
8344   0.5018   30000   60000
8344   0.4740   30000   60000
8344   0.3976   30000   60000
8344   0.3482   30000   60000
8344   0.3576   30000   60000
8344   0.3156   30000   60000
8344   0.3212   30000   60000
8344   0.4153   30000   60000
8344   0.5063   30000   60000
8344   0.5716   30000   60000
8344   0.4253   30000   60000
8344   0.5306   30000   60000
8344   0.4135   30000   60000
8344   0.5173   30000   60000
8344   0.2967   30000   60000
7368   0.2890   90000   120000
8413   0.3500   30000   60000
8413   0.3108   30000   60000
8413   0.4730   30000   60000
8413   0.3630   30000   60000
8413   0.3379   30000   60000
8413   0.3011   30000   60000
8413   0.4231   30000   60000
8413   0.3593   30000   60000
8413   0.4113   30000   60000
8413   0.3740   30000   60000
8413   0.3595   30000   60000
8413   0.3478   30000   60000
8413   0.2847   30000   60000
8413   0.3300   30000   60000
8413   0.3558   30000   60000
8506   0.3058   30000   60000
8506   0.3221   30000   60000
8506   0.4704   30000   60000
8506   0.5309   30000   60000
8506   0.3870   30000   60000
8506   0.3991   30000   60000
8506   0.3128   30000   60000
8404   0.3651   150000   180000
8202   0.3855   90000   120000
8202   0.3468   90000   120000
8210   0.3503   120000   150000
8424   0.2825   30000   60000
8424   0.2852   30000   60000
7365   0.4649   150000   180000
7365   0.3233   150000   180000
7365   0.4006   150000   180000
7365   0.5816   150000   180000
7365   0.4920   150000   180000
7365   0.5382   150000   180000
7365   0.4286   150000   180000
7365   0.4750   150000   180000
7011   0.3762   150000   180000
7011   0.3096   150000   180000
7011   0.3988   150000   180000
7011   0.3880   150000   180000
7011   0.3573   150000   180000
7011   0.2965   150000   180000
7011   0.2945   150000   180000
7011   0.3226   150000   180000
9216   0.3569   150000   180000
9216   0.3483   150000   180000
9216   0.3302   150000   180000
9216   0.3425   150000   180000
9216   0.3324   150000   180000
9216   0.2824   150000   180000
9216   0.3043   150000   180000
9216   0.3193   150000   180000
9216   0.3138   150000   180000
9216   0.3134   150000   180000
9216   0.3283   150000   180000
9216   0.3394   150000   180000
9216   0.3204   150000   180000
9216   0.3251   150000   180000
9216   0.3075   150000   180000
9216   0.2911   150000   180000
8420   0.3008   60000   90000
8420   0.3651   60000   90000
8420   0.2931   60000   90000
8051   0.2938   120000   150000
6293   0.9035   90000   120000
6293   1.0308   90000   120000
6293   0.8680   90000   120000
6293   0.7180   90000   120000
6293   0.6966   90000   120000
6293   0.9812   90000   120000
6293   1.1155   90000   120000
6293   1.0999   90000   120000
6293   1.0152   90000   120000
6293   0.9175   90000   120000
6293   0.7293   90000   120000
6293   0.5323   90000   120000
6293   0.6602   90000   120000
6293   0.7415   90000   120000
6293   0.7807   90000   120000
6293   0.8951   90000   120000
6293   1.0438   90000   120000
6293   1.1169   90000   120000
6402   0.5555   60000   90000
6402   0.3264   60000   90000
6402   0.7553   60000   90000
6402   0.8101   60000   90000
6402   0.5246   60000   90000
6402   0.3245   60000   90000
6402   0.7418   60000   90000
6402   0.4440   60000   90000
6402   0.4676   60000   90000
6402   0.4470   60000   90000
6402   0.7571   60000   90000
6402   0.3248   60000   90000
6402   0.3956   60000   90000
6402   0.6336   60000   90000
6402   0.5211   60000   90000
6402   0.7223   60000   90000
8354   0.3063   0   30000
8354   0.3416   0   30000
8197   0.3687   150000   180000
8197   0.3778   150000   180000
8197   0.4528   150000   180000
8197   0.5466   150000   180000
8197   0.4795   150000   180000
8288   0.3158   90000   120000
8288   0.3273   90000   120000
8288   0.6040   90000   120000
8288   0.3263   90000   120000
8288   0.2915   90000   120000
6298   0.3483   30000   60000
6298   0.3117   30000   60000
6298   0.3301   30000   60000
6298   0.3756   30000   60000
6298   0.3442   30000   60000
6298   0.3217   30000   60000
6298   0.3059   30000   60000
6298   0.2877   30000   60000
6298   0.3989   30000   60000
6298   0.4292   30000   60000
6298   0.4402   30000   60000
6298   0.3855   30000   60000
6298   0.3396   30000   60000
6298   0.2937   30000   60000
6298   0.3040   30000   60000
6298   0.2823   30000   60000
8403   0.3017   150000   180000
9387   0.3978   0   30000
8183   0.3862   30000   60000
8183   0.3213   30000   60000
8183   0.3682   30000   60000
8183   0.4192   30000   60000
8183   0.3945   30000   60000
8183   0.3207   30000   60000
8183   0.3530   30000   60000
8183   0.3966   30000   60000
8183   0.3717   30000   60000
8183   0.4205   30000   60000
8183   0.4262   30000   60000
8183   0.4151   30000   60000
8183   0.4227   30000   60000
8183   0.3857   30000   60000
8183   0.3806   30000   60000
8183   0.3488   30000   60000
7365   0.2815   30000   60000
7365   0.3084   30000   60000
7365   0.2962   30000   60000
7365   0.3358   30000   60000
7365   0.4723   30000   60000
7365   0.4472   30000   60000
7365   0.4401   30000   60000
9217   0.2908   30000   60000
9217   0.2946   30000   60000
9217   0.2877   30000   60000
9217   0.2921   30000   60000
9217   0.3135   30000   60000
9217   0.3114   30000   60000
9217   0.2955   30000   60000
9217   0.2932   30000   60000
9217   0.2892   30000   60000
9217   0.3127   30000   60000
9217   0.3768   30000   60000
9217   0.3268   30000   60000
8494   0.3055   30000   60000
7345   0.3628   90000   120000
7345   0.2855   90000   120000
7345   0.3817   90000   120000
7345   0.3946   90000   120000
7345   0.3340   90000   120000
7345   0.3315   90000   120000
7345   0.2804   90000   120000
7345   0.2874   90000   120000
7345   0.3023   90000   120000
7345   0.4370   90000   120000
7345   0.4050   90000   120000
7345   0.2941   90000   120000
7345   0.3130   90000   120000
7345   0.2817   90000   120000
8007   0.2810   90000   120000
8007   0.4186   90000   120000
8007   0.3379   90000   120000
8007   0.3974   90000   120000
8007   0.3645   90000   120000
7365   0.3812   60000   90000
7365   0.3412   60000   90000
7365   0.2803   60000   90000
7365   0.3392   60000   90000
7365   0.3306   60000   90000
7365   0.2937   60000   90000
7365   0.3181   60000   90000
6512   0.4287   30000   60000
6512   0.5793   30000   60000
6512   0.3538   30000   60000
6512   0.5277   30000   60000
6512   0.3029   30000   60000
6512   0.3904   30000   60000
6512   0.4503   30000   60000
6512   0.3151   30000   60000
6512   0.5417   30000   60000
6512   0.3795   30000   60000
6512   0.5835   30000   60000
6512   0.3170   30000   60000
6512   0.4977   30000   60000
6512   0.5344   30000   60000
9197   0.3148   120000   150000
9197   0.3496   120000   150000
9197   0.3512   120000   150000
9197   0.3319   120000   150000
9197   0.3121   120000   150000
9197   0.3054   120000   150000
9197   0.3459   120000   150000
8405   0.3685   120000   150000
8405   0.2940   120000   150000
8405   0.2870   120000   150000
8405   0.3331   120000   150000
8405   0.2809   120000   150000
8405   0.3713   120000   150000
7626   0.4132   60000   90000
6564   0.3872   120000   150000
6564   0.3596   120000   150000
6564   0.4019   120000   150000
6564   0.6046   120000   150000
6564   0.3724   120000   150000
6564   0.3659   120000   150000
6564   0.2937   120000   150000
6564   0.4525   120000   150000
6564   0.5000   120000   150000
6564   0.6651   120000   150000
6564   0.4797   120000   150000
6564   0.2816   120000   150000
6564   0.3024   120000   150000
7343   0.2814   90000   120000
7343   0.2884   90000   120000
7343   0.2993   90000   120000
7343   0.2873   90000   120000
7343   0.2826   90000   120000
7327   0.4261   120000   150000
7327   0.3900   120000   150000
7327   0.3604   120000   150000
7327   0.3544   120000   150000
7327   0.4606   120000   150000
7327   0.5044   120000   150000
7327   0.4570   120000   150000
7327   0.3728   120000   150000
7327   0.3886   120000   150000
7327   0.4489   120000   150000
7327   0.4089   120000   150000
7327   0.4137   120000   150000
7327   0.4003   120000   150000
7327   0.5132   120000   150000
7327   0.5774   120000   150000
7327   0.6479   120000   150000
7327   0.5654   120000   150000
7327   0.4879   120000   150000
8404   0.2916   60000   90000
7327   0.8382   0   30000
7327   0.8440   0   30000
7327   0.9201   0   30000
7327   0.9035   0   30000
7327   0.8513   0   30000
7327   0.7377   0   30000
7327   0.7342   0   30000
7327   0.9029   0   30000
7327   0.9672   0   30000
7327   1.0058   0   30000
7327   0.9917   0   30000
7327   0.9918   0   30000
7327   0.9202   0   30000
7327   0.8760   0   30000
7327   0.7750   0   30000
7327   0.6601   0   30000
7327   0.6697   0   30000
7327   0.7149   0   30000
9197   0.3052   90000   120000
9197   0.3336   90000   120000
9197   0.2990   90000   120000
9197   0.3332   90000   120000
9197   0.3763   90000   120000
9197   0.3954   90000   120000
9197   0.4642   90000   120000
9197   0.4437   90000   120000
9197   0.3244   90000   120000
6313   0.5669   120000   150000
6313   0.6410   120000   150000
6313   0.3472   120000   150000
6313   0.3256   120000   150000
6313   0.4715   120000   150000
6313   0.4802   120000   150000
6313   0.3120   120000   150000
6313   0.5466   120000   150000
6313   0.4495   120000   150000
6313   0.3841   120000   150000
6313   0.3958   120000   150000
7011   0.3659   60000   90000
7011   0.3665   60000   90000
7011   0.4540   60000   90000
7011   0.5492   60000   90000
7011   0.3364   60000   90000
7011   0.3514   60000   90000
7011   0.3835   60000   90000
7011   0.3988   60000   90000
7011   0.5408   60000   90000
7011   0.6424   60000   90000
7011   0.5438   60000   90000
7011   0.4435   60000   90000
7011   0.3340   60000   90000
5980   0.3760   90000   120000
5980   0.3435   90000   120000
5980   0.3885   90000   120000
5980   0.5849   90000   120000
5980   0.5908   90000   120000
5980   0.4092   90000   120000
5980   0.3281   90000   120000
5980   0.3162   90000   120000
5980   0.4137   90000   120000
5980   0.4722   90000   120000
5980   0.3248   90000   120000
6263   0.7751   90000   120000
6263   0.7559   90000   120000
6263   0.7455   90000   120000
6263   0.6193   90000   120000
6263   0.6644   90000   120000
6263   0.6682   90000   120000
6263   0.6757   90000   120000
6263   0.6499   90000   120000
6263   0.8109   90000   120000
6263   0.6763   90000   120000
6263   0.4453   90000   120000
6263   0.5025   90000   120000
6263   0.6030   90000   120000
6263   0.7478   90000   120000
6263   0.7240   90000   120000
6263   0.6899   90000   120000
6263   0.6311   90000   120000
6263   0.6817   90000   120000
8429   0.3856   0   30000
8769   0.3238   30000   60000
8769   0.2857   30000   60000
8769   0.2975   30000   60000
8769   0.2903   30000   60000
8226   0.3228   0   30000
9216   0.3020   90000   120000
9216   0.2974   90000   120000
9216   0.2805   90000   120000
8069   0.3367   60000   90000
8069   0.3871   60000   90000
8068   0.2890   60000   90000
8068   0.3120   60000   90000
6299   0.4102   60000   90000
6299   0.3725   60000   90000
6299   0.4358   60000   90000
6299   0.5012   60000   90000
6299   0.4642   60000   90000
6299   0.3855   60000   90000
6299   0.4170   60000   90000
6299   0.4744   60000   90000
6299   0.5030   60000   90000
6299   0.5398   60000   90000
6299   0.5013   60000   90000
6299   0.5195   60000   90000
6299   0.3274   60000   90000
7012   0.4159   60000   90000
7012   0.4274   60000   90000
7012   0.4920   60000   90000
7012   0.4567   60000   90000
7012   0.4023   60000   90000
7012   0.3108   60000   90000
7012   0.3560   60000   90000
7012   0.5303   60000   90000
7012   0.5376   60000   90000
7012   0.5615   60000   90000
7012   0.4764   60000   90000
7012   0.4246   60000   90000
7012   0.4280   60000   90000
7012   0.3525   60000   90000
7012   0.3687   60000   90000
7012   0.3431   60000   90000
7012   0.3805   60000   90000
8413   0.3854   150000   180000
8413   0.2942   150000   180000
8413   0.4321   150000   180000
8413   0.4265   150000   180000
8413   0.3357   150000   180000
8413   0.4415   150000   180000
8413   0.3934   150000   180000
8413   0.3940   150000   180000
8413   0.3170   150000   180000
8413   0.3435   150000   180000
8413   0.3115   150000   180000
8413   0.4801   150000   180000
6940   0.2814   90000   120000
6940   0.3659   90000   120000
6940   0.3271   90000   120000
7117   0.3320   150000   180000
8344   0.2850   120000   150000
8344   0.3418   120000   150000
8344   0.3306   120000   150000
8410   0.3260   150000   180000
8547   0.4907   120000   150000
8547   0.3845   120000   150000
8547   0.4483   120000   150000
8547   0.4148   120000   150000
8547   0.4384   120000   150000
8547   0.4576   120000   150000
8547   0.4059   120000   150000
8547   0.4676   120000   150000
8547   0.5325   120000   150000
8547   0.3588   120000   150000
8547   0.4138   120000   150000
8547   0.4201   120000   150000
8547   0.3069   120000   150000
8547   0.5106   120000   150000
8547   0.4777   120000   150000
8547   0.4376   120000   150000
6298   0.4324   60000   90000
6298   0.3886   60000   90000
6298   0.3472   60000   90000
6298   0.3659   60000   90000
6298   0.3660   60000   90000
6298   0.3706   60000   90000
6298   0.3276   60000   90000
6298   0.4003   60000   90000
6298   0.4102   60000   90000
6298   0.3663   60000   90000
6298   0.3701   60000   90000
6298   0.2837   60000   90000
6298   0.3081   60000   90000
6298   0.3296   60000   90000
6298   0.2862   60000   90000
8202   0.3428   30000   60000
8480   0.3280   30000   60000
7368   0.2854   0   30000
7368   0.3144   0   30000
9217   0.2970   0   30000
9217   0.3015   0   30000
9217   0.3351   0   30000
9217   0.2936   0   30000
9217   0.3318   0   30000
9217   0.3392   0   30000
9217   0.2935   0   30000
6320   0.3876   0   30000
6320   0.2885   0   30000
6320   0.4228   0   30000
6320   0.8853   0   30000
6320   0.4127   0   30000
6320   0.5382   0   30000
6320   0.3512   0   30000
6320   0.7432   0   30000
6320   0.3618   0   30000
6320   0.3283   0   30000
6320   0.3466   0   30000
6320   0.2807   0   30000
6563   0.6345   0   30000
6563   0.3409   0   30000
7054   0.2998   60000   90000
7054   0.3137   60000   90000
7054   0.3274   60000   90000
7054   0.3725   60000   90000
7054   0.3507   60000   90000
7054   0.3176   60000   90000
7054   0.3373   60000   90000
7054   0.3063   60000   90000
7054   0.3114   60000   90000
7054   0.3472   60000   90000
7054   0.2827   60000   90000
7054   0.2958   60000   90000
7054   0.3117   60000   90000
7694   0.3336   30000   60000
7694   0.3010   30000   60000
7694   0.3109   30000   60000
7694   0.3239   30000   60000
7694   0.3166   30000   60000
7694   0.3293   30000   60000
7694   0.2975   30000   60000
7694   0.3301   30000   60000
7694   0.3083   30000   60000
7065   0.3098   30000   60000
7065   0.2849   30000   60000
7065   0.4178   30000   60000
7065   0.3847   30000   60000
8405   0.3607   0   30000
8202   0.2844   0   30000
9227   0.6309   0   30000
9227   0.3964   0   30000
9227   0.3051   0   30000
9227   0.4019   0   30000
9227   0.3375   0   30000
9227   0.3434   0   30000
9227   0.3002   0   30000
9227   0.3581   0   30000
9227   0.3509   0   30000
9227   0.5920   0   30000
9227   0.4579   0   30000
9227   0.3187   0   30000
9227   0.4911   0   30000
9227   0.3792   0   30000
8057   0.3230   120000   150000
6826   0.4290   150000   180000
6826   0.5409   150000   180000
6826   0.3962   150000   180000
6826   0.4509   150000   180000
6826   0.3938   150000   180000
6826   0.2910   150000   180000
6826   0.3176   150000   180000
6826   0.4338   150000   180000
6826   0.5389   150000   180000
6826   0.4232   150000   180000
6826   0.3647   150000   180000
6826   0.3971   150000   180000
6826   0.4359   150000   180000
6826   0.4189   150000   180000
6826   0.4369   150000   180000
6826   0.4128   150000   180000
6826   0.4383   150000   180000
9221   0.3411   0   30000
9221   0.3351   0   30000
9221   0.3667   0   30000
9221   0.3930   0   30000
9221   0.3696   0   30000
7368   0.2876   120000   150000
7368   0.3086   120000   150000
7368   0.3212   120000   150000
7368   0.3204   120000   150000
7368   0.3693   120000   150000
7368   0.3913   120000   150000
7368   0.4029   120000   150000
7368   0.3333   120000   150000
7368   0.2932   120000   150000
7368   0.3018   120000   150000
8354   0.2943   120000   150000
8354   0.2949   120000   150000
8354   0.3222   120000   150000
8354   0.2888   120000   150000
8354   0.2911   120000   150000
8354   0.3059   120000   150000
7580   0.3882   0   30000
7580   0.4793   0   30000
7580   0.3629   0   30000
7580   0.3989   0   30000
7580   0.5110   0   30000
7580   0.5496   0   30000
7580   0.4644   0   30000
7580   0.3597   0   30000
7580   0.3227   0   30000
7580   0.2988   0   30000
7580   0.3534   0   30000
7580   0.4927   0   30000
7580   0.5486   0   30000
7580   0.6269   0   30000
7580   0.6566   0   30000
7580   0.7131   0   30000
7580   0.6420   0   30000
9238   0.2925   60000   90000
9238   0.3097   60000   90000
6299   0.2865   0   30000
8771   0.4772   60000   90000
8771   0.3736   60000   90000
7880   0.3201   0   30000
7880   0.3149   0   30000
7880   0.3287   0   30000
7880   0.2952   0   30000
7880   0.2846   0   30000
7880   0.3059   0   30000
7880   0.3074   0   30000
7880   0.3462   0   30000
7880   0.3628   0   30000
7880   0.3753   0   30000
7880   0.3018   0   30000
7880   0.3054   0   30000
7880   0.3086   0   30000
6653   0.2940   0   30000
6653   0.4484   0   30000
6653   0.3883   0   30000
6296   0.3662   30000   60000
6296   0.3725   30000   60000
6296   0.4129   30000   60000
6296   0.4275   30000   60000
6296   0.3605   30000   60000
6296   0.3331   30000   60000
6296   0.3407   30000   60000
6296   0.3857   30000   60000
6296   0.4031   30000   60000
6296   0.4015   30000   60000
6296   0.4475   30000   60000
6296   0.4455   30000   60000
6296   0.3917   30000   60000
6296   0.3434   30000   60000
6296   0.3162   30000   60000
6296   0.3114   30000   60000
6296   0.3247   30000   60000
6296   0.3538   30000   60000
6359   0.6708   0   30000
6359   0.5459   0   30000
6359   0.5374   0   30000
6359   0.6335   0   30000
6359   0.4041   0   30000
6359   0.5788   0   30000
6359   0.7516   0   30000
6359   1.0891   0   30000
6359   0.9398   0   30000
6359   0.8827   0   30000
6359   0.7711   0   30000
6359   0.6976   0   30000
6359   0.4034   0   30000
6359   0.6287   0   30000
6359   0.3881   0   30000
6359   0.5389   0   30000
6359   0.5245   0   30000
6359   1.1336   0   30000
7796   0.2822   150000   180000
9200   0.2894   90000   120000
9200   0.6171   90000   120000
9200   0.2832   90000   120000
8488   0.3500   0   30000
8488   0.5103   0   30000
8210   0.3779   30000   60000
8398   0.4552   90000   120000
7906   0.3073   150000   180000
7906   0.3972   150000   180000
7906   0.3239   150000   180000
8287   0.3935   30000   60000
8382   0.3119   30000   60000
8382   0.2969   30000   60000
8382   0.2816   30000   60000
8382   0.4833   30000   60000
8382   0.3726   30000   60000
8382   0.3110   30000   60000
8382   0.3319   30000   60000
6452   0.3186   0   30000
6452   0.3976   0   30000
6452   0.3967   0   30000
6452   0.3736   0   30000
6452   0.3123   0   30000
6452   0.4448   0   30000
6452   0.2993   0   30000
6452   0.2922   0   30000
6452   0.4413   0   30000
6452   0.3092   0   30000
6486   0.3074   150000   180000
6486   0.2850   150000   180000
6486   0.3062   150000   180000
6486   0.4386   150000   180000
8072   0.2966   30000   60000
8072   0.5820   30000   60000
8072   0.3115   30000   60000
6514   0.2855   120000   150000
6514   0.2851   120000   150000
6514   0.3318   120000   150000
6514   0.2973   120000   150000
6514   0.4585   120000   150000
6514   0.3164   120000   150000
6514   0.2901   120000   150000
6514   0.3421   120000   150000
6653   0.3292   60000   90000
6653   0.4988   60000   90000
6653   0.3275   60000   90000
6653   0.3712   60000   90000
6653   0.4208   60000   90000
6653   0.2810   60000   90000
6653   0.3339   60000   90000
6653   0.3790   60000   90000
6653   0.3294   60000   90000
6653   0.3134   60000   90000
6653   0.3354   60000   90000
6653   0.3103   60000   90000
6653   0.3157   60000   90000
6653   0.3101   60000   90000
6653   0.3413   60000   90000
8307   0.3366   0   30000
8307   0.3013   0   30000
8307   0.3314   0   30000
8307   0.2852   0   30000
8307   0.2896   0   30000
8307   0.3758   0   30000
8307   0.3344   0   30000
8307   0.3461   0   30000
8307   0.3377   0   30000
8307   0.3544   0   30000
8307   0.3929   0   30000
8307   0.3437   0   30000
8197   0.2965   0   30000
8197   0.3916   0   30000
8547   0.2884   0   30000
8326   0.3736   60000   90000
8326   0.3222   60000   90000
8326   0.3356   60000   90000
6800   0.4266   120000   150000
6800   0.2947   120000   150000
6800   0.3235   120000   150000
8816   0.2865   150000   180000
8816   0.3400   150000   180000
8816   0.6135   150000   180000
8816   0.3086   150000   180000
8816   0.3555   150000   180000
8109   0.4719   90000   120000
8281   0.3271   0   30000
8281   0.3481   0   30000
8281   0.4645   0   30000
8281   0.2826   0   30000
8281   0.4310   0   30000
8240   0.3002   0   30000
8240   0.2819   0   30000
7602   0.3639   150000   180000
6910   0.2857   150000   180000
6910   0.3322   150000   180000
6910   0.3406   150000   180000
6910   0.3092   150000   180000
6910   0.3079   150000   180000
6910   0.2823   150000   180000
6514   0.6212   0   30000
6514   0.3606   0   30000
6514   0.3446   0   30000
6514   0.3349   0   30000
6514   0.2935   0   30000
6514   0.4235   0   30000
6514   0.5090   0   30000
6514   0.3735   0   30000
6514   0.3694   0   30000
6514   0.3184   0   30000
6514   0.3381   0   30000
8420   0.3914   90000   120000
8420   0.3024   90000   120000
8420   0.3081   90000   120000
8420   0.3091   90000   120000
8420   0.3672   90000   120000
8420   0.3109   90000   120000
8420   0.3978   90000   120000
8420   0.3110   90000   120000
8420   0.3121   90000   120000
8420   0.3931   90000   120000
8420   0.3375   90000   120000
8420   0.4004   90000   120000
8326   0.3277   30000   60000
8506   0.6029   150000   180000
8506   0.4488   150000   180000
8506   0.3754   150000   180000
8506   0.5678   150000   180000
8506   0.4178   150000   180000
8506   0.8029   150000   180000
8506   0.7323   150000   180000
8506   1.0410   150000   180000
8506   1.5234   150000   180000
8506   0.7405   150000   180000
8506   0.4896   150000   180000
8506   0.4596   150000   180000
8506   0.4408   150000   180000
8506   0.5297   150000   180000
8506   0.3495   150000   180000
8057   0.4050   0   30000
8057   0.4088   0   30000
8057   0.3527   0   30000
8057   0.3693   0   30000
8057   0.4096   0   30000
8057   0.4726   0   30000
8057   0.4323   0   30000
8057   0.3724   0   30000
8057   0.3807   0   30000
8057   0.4380   0   30000
7626   0.2824   120000   150000
8379   0.3396   120000   150000
8103   0.4452   60000   90000
8103   0.3551   60000   90000
8103   0.3188   60000   90000
8103   0.6109   60000   90000
8103   0.4171   60000   90000
8103   0.4377   60000   90000
6402   0.3965   150000   180000
6402   0.7293   150000   180000
6402   0.4730   150000   180000
6402   0.3120   150000   180000
6402   0.4995   150000   180000
6402   0.3071   150000   180000
6402   0.5323   150000   180000
6402   0.4835   150000   180000
6402   0.3827   150000   180000
6402   0.7246   150000   180000
8429   0.3214   150000   180000
8429   0.3957   150000   180000
8429   0.2867   150000   180000
8782   0.3008   90000   120000
8449   0.2865   120000   150000
8449   0.3058   120000   150000
8449   0.2804   120000   150000
8449   0.2915   120000   150000
6320   0.5926   30000   60000
6320   0.5534   30000   60000
6320   0.2805   30000   60000
6320   0.5313   30000   60000
6320   0.4087   30000   60000
6320   0.4565   30000   60000
8493   0.2908   30000   60000
8782   0.3665   60000   90000
6320   0.5547   90000   120000
6320   0.4148   90000   120000
6320   0.5032   90000   120000
6320   0.4717   90000   120000
6320   0.5303   90000   120000
6320   0.5347   90000   120000
6320   0.6276   90000   120000
6320   0.3968   90000   120000
6320   0.5306   90000   120000
6320   0.3143   90000   120000
6320   0.4779   90000   120000
6320   0.2990   90000   120000
6320   0.4914   90000   120000
6320   0.4596   90000   120000
6320   0.7477   90000   120000
6320   0.3321   90000   120000
8488   0.3055   30000   60000
8059   0.3059   0   30000
8059   0.2947   0   30000
8810   0.3892   0   30000
8810   0.3180   0   30000
8810   0.3541   0   30000
8810   0.3271   0   30000
8810   0.3545   0   30000
8810   0.5493   0   30000
8367   0.4450   30000   60000
8416   0.2956   150000   180000
8416   0.3132   150000   180000
8416   0.3434   150000   180000
8416   0.3309   150000   180000
8416   0.3398   150000   180000
8416   0.5471   150000   180000
8416   0.3246   150000   180000
8209   0.2969   150000   180000
8312   0.7692   90000   120000
8368   0.3817   30000   60000
8368   0.3723   30000   60000
8368   0.3179   30000   60000
8368   0.3014   30000   60000
8368   0.3013   30000   60000
8368   0.3194   30000   60000
8368   0.3211   30000   60000
8368   0.4186   30000   60000
8368   0.4051   30000   60000
8368   0.3800   30000   60000
8368   0.3270   30000   60000
8368   0.3868   30000   60000
8368   0.3185   30000   60000
8368   0.3202   30000   60000
8819   0.5460   60000   90000
7626   0.3322   90000   120000
8121   0.3210   0   30000
8475   0.5229   0   30000
8475   0.4003   0   30000
8475   0.4350   0   30000
8475   0.4735   0   30000
8475   0.4571   0   30000
8475   0.3866   0   30000
8475   0.3883   0   30000
8475   0.4468   0   30000
8475   0.5484   0   30000
8475   0.3946   0   30000
8475   0.3220   0   30000
8475   0.4175   0   30000
8475   0.4033   0   30000
8475   0.4810   0   30000
8475   0.3907   0   30000
8475   0.4308   0   30000
6512   0.4617   120000   150000
6512   0.3331   120000   150000
6512   0.3890   120000   150000
6512   0.3471   120000   150000
6512   0.2994   120000   150000
6512   0.3859   120000   150000
6512   0.5911   120000   150000
6512   0.2824   120000   150000
6479   0.2901   30000   60000
6479   0.2959   30000   60000
8051   0.3973   30000   60000
8823   0.2860   150000   180000
6800   0.3351   90000   120000
6800   0.3153   90000   120000
6800   0.5092   90000   120000
7130   0.2929   60000   90000
7130   0.3095   60000   90000
7130   0.3282   60000   90000
7130   0.3471   60000   90000
7130   0.3389   60000   90000
7130   0.2841   60000   90000
7130   0.3078   60000   90000
8183   0.3252   60000   90000
8183   0.2933   60000   90000
8183   0.3459   60000   90000
8183   0.3787   60000   90000
8183   0.3105   60000   90000
8183   0.3400   60000   90000
8183   0.3012   60000   90000
8183   0.3227   60000   90000
8183   0.3275   60000   90000
8183   0.3100   60000   90000
8183   0.3186   60000   90000
8183   0.3640   60000   90000
8183   0.3168   60000   90000
8183   0.2829   60000   90000
8183   0.4247   60000   90000
7006   0.2839   90000   120000
8416   0.3050   30000   60000
8416   0.4983   30000   60000
8416   0.3311   30000   60000
8416   0.3163   30000   60000
8416   0.3132   30000   60000
8420   0.4976   120000   150000
8420   0.3346   120000   150000
8420   0.4012   120000   150000
8420   0.3812   120000   150000
8420   0.3903   120000   150000
8420   0.4292   120000   150000
8420   0.3621   120000   150000
8420   0.4288   120000   150000
8420   0.5179   120000   150000
8420   0.3125   120000   150000
8420   0.3928   120000   150000
8420   0.2872   120000   150000
8420   0.4321   120000   150000
8420   0.4840   120000   150000
8420   0.4503   120000   150000
8367   0.3397   0   30000
8367   0.5305   0   30000
6514   0.3875   30000   60000
6514   0.2833   30000   60000
6514   0.2868   30000   60000
6514   0.2979   30000   60000
6514   0.2837   30000   60000
6514   0.3321   30000   60000
6514   0.3144   30000   60000
6514   0.3166   30000   60000
6514   0.5989   30000   60000
6263   0.4417   60000   90000
6263   0.4625   60000   90000
6263   0.4912   60000   90000
6263   0.5199   60000   90000
6263   0.3517   60000   90000
6263   0.3154   60000   90000
6263   0.3538   60000   90000
6263   0.3253   60000   90000
6263   0.4849   60000   90000
6263   0.5534   60000   90000
6263   0.5911   60000   90000
6263   0.6407   60000   90000
6263   0.5066   60000   90000
6263   0.3346   60000   90000
8109   0.2809   150000   180000
8109   0.4375   150000   180000
7981   0.8834   90000   120000
7981   1.0484   90000   120000
7981   0.7513   90000   120000
7981   0.9590   90000   120000
7981   0.8877   90000   120000
7981   0.7438   90000   120000
7981   0.7474   90000   120000
7981   0.8484   90000   120000
7981   1.2776   90000   120000
7981   1.2256   90000   120000
7981   0.6519   90000   120000
7981   0.7133   90000   120000
7981   0.5972   90000   120000
7981   0.6405   90000   120000
7981   1.0039   90000   120000
7981   0.8815   90000   120000
7981   0.7026   90000   120000
6854   0.2953   90000   120000
6819   0.2843   0   30000
6512   0.3363   90000   120000
6512   0.3099   90000   120000
6512   0.3142   90000   120000
6512   0.6261   90000   120000
6512   0.4877   90000   120000
8240   0.2834   30000   60000
8240   0.2828   30000   60000
8240   0.3043   30000   60000
8240   0.3058   30000   60000
8240   0.2987   30000   60000
6402   0.5781   30000   60000
6402   0.4382   30000   60000
6402   0.7195   30000   60000
6402   0.5716   30000   60000
6402   0.6284   30000   60000
6402   0.2851   30000   60000
6402   0.3879   30000   60000
6402   0.3936   30000   60000
6402   0.3619   30000   60000
6402   0.3428   30000   60000
6402   0.4820   30000   60000
6402   0.4821   30000   60000
6402   0.7626   30000   60000
6402   0.3400   30000   60000
8197   0.5175   60000   90000
8197   0.3128   60000   90000
8197   0.4445   60000   90000
8197   0.3030   60000   90000
8197   0.4595   60000   90000
8197   0.6314   60000   90000
8197   0.5865   60000   90000
8197   0.3939   60000   90000
8197   0.4586   60000   90000
6826   0.4744   180000   210000
6826   0.4232   180000   210000
6826   0.5122   180000   210000
6826   0.3415   180000   210000
6826   0.4370   180000   210000
6826   0.4824   180000   210000
6826   0.5867   180000   210000
6826   0.5706   180000   210000
6826   0.3554   180000   210000
6826   0.3175   180000   210000
6826   0.3640   180000   210000
6826   0.4094   180000   210000
6826   0.3720   180000   210000
6826   0.4225   180000   210000
6826   0.4011   180000   210000
6402   0.5505   0   30000
6402   0.7049   0   30000
6402   0.5668   0   30000
6402   0.5991   0   30000
6402   0.2977   0   30000
6402   0.3294   0   30000
6402   0.6604   0   30000
6402   0.9758   0   30000
6402   0.6217   0   30000
6402   0.5279   0   30000
6402   0.6387   0   30000
6402   0.4297   0   30000
6402   0.4812   0   30000
6402   0.4789   0   30000
6402   0.7644   0   30000
6402   0.8380   0   30000
8240   0.3024   60000   90000
8240   0.3121   60000   90000
8240   0.2914   60000   90000
8240   0.2814   60000   90000
8240   0.3104   60000   90000
8240   0.3007   60000   90000
7981   0.4294   30000   60000
7981   0.3061   30000   60000
7981   0.6258   30000   60000
7981   0.2930   30000   60000
7981   0.3018   30000   60000
7981   0.4151   30000   60000
7981   0.4067   30000   60000
7981   0.3323   30000   60000
9244   0.3939   0   30000
9244   0.4146   0   30000
9244   0.7362   0   30000
9244   0.3604   0   30000
9244   0.3419   0   30000
9244   0.4254   0   30000
9244   0.3726   0   30000
8398   0.3324   120000   150000
8398   0.3220   120000   150000
7130   0.2859   30000   60000
7130   0.3062   30000   60000
7130   0.2876   30000   60000
8007   0.2860   60000   90000
8344   0.3097   0   30000
8344   0.3352   0   30000
8344   0.2849   0   30000
8344   0.3294   0   30000
8344   0.4146   0   30000
8344   0.4412   0   30000
8344   0.4467   0   30000
8344   0.5999   0   30000
8344   0.3028   0   30000
8344   0.2913   0   30000
7981   0.4575   60000   90000
7981   0.3611   60000   90000
7981   0.3396   60000   90000
7981   0.5261   60000   90000
7981   0.5633   60000   90000
7981   0.5535   60000   90000
7981   0.4071   60000   90000
7981   0.6495   60000   90000
7981   0.5610   60000   90000
7981   0.3141   60000   90000
7981   0.3877   60000   90000
7981   0.4717   60000   90000
7981   0.3484   60000   90000
7981   0.3458   60000   90000
8914   0.2826   90000   120000
6455   0.3740   120000   150000
6455   0.3478   120000   150000
6455   0.3458   120000   150000
6455   0.3169   120000   150000
6455   0.3473   120000   150000
6455   0.3077   120000   150000
8202   0.4099   120000   150000
8202   0.3745   120000   150000
8202   0.3056   120000   150000
8202   0.4298   120000   150000
8202   0.3957   120000   150000
8202   0.4381   120000   150000
8069   0.3023   0   30000
8069   0.3179   0   30000
8069   0.4135   0   30000
7004   0.2864   90000   120000
9200   0.2900   150000   180000
9200   0.3013   150000   180000
7730   0.3018   120000   150000
7730   0.3224   120000   150000
7730   0.3036   120000   150000
7730   0.2811   120000   150000
7730   0.2945   120000   150000
7730   0.3326   120000   150000
8416   0.3540   60000   90000
8416   0.3516   60000   90000
8416   0.3209   60000   90000
6409   0.3261   60000   90000
6409   0.7335   60000   90000
6409   0.3058   60000   90000
6409   0.4868   60000   90000
6409   0.7833   60000   90000
6409   0.4207   60000   90000
6409   0.6925   60000   90000
6409   0.4048   60000   90000
6409   0.3536   60000   90000
6409   0.4323   60000   90000
6409   0.5707   60000   90000
6409   0.3828   60000   90000
6409   0.5771   60000   90000
8410   0.3203   30000   60000
8410   0.4408   30000   60000
8281   0.2905   90000   120000
8281   0.3681   90000   120000
8281   0.4431   90000   120000
8281   0.2996   90000   120000
8161   0.4447   60000   90000
8547   0.4027   150000   180000
8547   0.3051   150000   180000
6486   0.4032   90000   120000
6486   0.3188   90000   120000
6486   0.3897   90000   120000
6486   0.3138   90000   120000
6486   0.3220   90000   120000
6486   0.2817   90000   120000
6564   0.3805   90000   120000
6564   0.4709   90000   120000
6564   0.2965   90000   120000
6564   0.3395   90000   120000
8493   0.3235   90000   120000
8209   0.3614   30000   60000
8462   0.4910   150000   180000
6409   0.3781   0   30000
6409   0.3826   0   30000
6409   0.4366   0   30000
6409   0.4096   0   30000
6409   0.4783   0   30000
6409   0.3259   0   30000
6409   0.5925   0   30000
6409   0.2950   0   30000
6409   0.2855   0   30000
6409   0.4591   0   30000
6409   0.6056   0   30000
6409   0.4441   0   30000
6409   0.3176   0   30000
6409   0.4142   0   30000
8072   0.3994   120000   150000
8072   0.3115   120000   150000
8072   0.4441   120000   150000
8072   0.7047   120000   150000
8072   0.4262   120000   150000
8072   0.2827   120000   150000
8072   0.5937   120000   150000
8493   0.4440   60000   90000
8072   0.4499   0   30000
8072   0.3414   0   30000
8072   0.3763   0   30000
8072   0.3164   0   30000
8072   0.4001   0   30000
8072   0.4276   0   30000
8072   0.2934   0   30000
8072   0.3306   0   30000
8816   0.6992   30000   60000
8816   0.5010   30000   60000
8816   0.3865   30000   60000
8816   0.4633   30000   60000
8816   0.8127   30000   60000
8816   0.3823   30000   60000
8816   0.3007   30000   60000
8816   0.3142   30000   60000
8068   0.3001   0   30000
8231   0.4580   90000   120000
7602   0.3529   60000   90000
9200   0.3132   0   30000
9200   0.4199   0   30000
9200   0.4514   0   30000
9200   0.3313   0   30000
8198   0.4970   30000   60000
8198   0.3062   30000   60000
8198   0.3742   30000   60000
8198   0.4209   30000   60000
8198   0.4085   30000   60000
8198   0.3458   30000   60000
8198   0.2965   30000   60000
8198   0.4009   30000   60000
8198   0.4967   30000   60000
8198   0.3126   30000   60000
8198   0.2856   30000   60000
8198   0.4448   30000   60000
8198   0.3812   30000   60000
8198   0.2926   30000   60000
8198   0.4740   30000   60000
8198   0.4178   30000   60000
8198   0.3180   30000   60000
8547   0.4682   90000   120000
8547   0.3223   90000   120000
8547   0.2930   90000   120000
8547   0.3619   90000   120000
8547   0.2937   90000   120000
8547   0.3501   90000   120000
8547   0.5487   90000   120000
8547   0.2914   90000   120000
8547   0.3861   90000   120000
8547   0.3106   90000   120000
8547   0.4184   90000   120000
8547   0.4293   90000   120000
8547   0.3976   90000   120000
8068   0.3230   120000   150000
8068   0.3602   120000   150000
8068   0.3349   120000   150000
8288   0.3008   150000   180000
8288   0.3947   150000   180000
8288   0.5811   150000   180000
8288   0.4352   150000   180000
8288   0.4342   150000   180000
8288   0.5524   150000   180000
8288   0.3177   150000   180000
8288   0.3247   150000   180000
8288   0.3336   150000   180000
8288   0.4761   150000   180000
8288   0.4780   150000   180000
8288   0.4107   150000   180000
8424   0.5374   0   30000
8424   0.4538   0   30000
8424   0.4622   0   30000
8424   0.4158   0   30000
8424   0.4724   0   30000
8424   0.4820   0   30000
8424   0.4583   0   30000
8424   0.5621   0   30000
8424   0.4910   0   30000
8424   0.3853   0   30000
8424   0.3454   0   30000
8424   0.3335   0   30000
8424   0.4751   0   30000
8424   0.4589   0   30000
8424   0.4904   0   30000
7906   0.2870   60000   90000
7906   0.2983   60000   90000
7906   0.5300   60000   90000
7906   0.4970   60000   90000
7906   0.5931   60000   90000
7906   0.4066   60000   90000
7906   0.3516   60000   90000
7906   0.4296   60000   90000
7906   0.5092   60000   90000
8494   0.2928   0   30000
8494   0.2810   0   30000
8488   0.3560   90000   120000
8488   0.4874   90000   120000
8488   0.3227   90000   120000
8268   0.2822   0   30000
8398   0.5059   0   30000
8398   0.3538   0   30000
8769   0.3564   90000   120000
8769   0.3116   90000   120000
8769   0.3574   90000   120000
8769   0.3510   90000   120000
8771   0.2808   150000   180000
8771   0.2970   150000   180000
8771   0.4145   150000   180000
8771   0.5403   150000   180000
8771   0.3572   150000   180000
8771   0.4894   150000   180000
8287   0.2877   120000   150000
8287   0.3174   120000   150000
8183   0.3579   150000   180000
8884   0.5054   0   30000
8884   0.5068   0   30000
8884   0.3327   0   30000
8884   0.5735   0   30000
8884   0.4444   0   30000
8884   0.5162   0   30000
8884   0.6120   0   30000
8884   0.4740   0   30000
8884   1.3734   0   30000
8884   0.3075   0   30000
8884   0.3310   0   30000
8884   0.7373   0   30000
8884   0.5329   0   30000
8884   0.2929   0   30000
8884   0.4746   0   30000
8884   0.4190   0   30000
8884   0.4941   0   30000
8252   0.3696   90000   120000
8103   0.3426   90000   120000
8103   0.2866   90000   120000
8103   0.4842   90000   120000
8103   0.3319   90000   120000
8114   0.3328   60000   90000
8884   0.4186   60000   90000
8884   0.3295   60000   90000
8884   0.3832   60000   90000
8884   0.4758   60000   90000
8884   0.4457   60000   90000
8884   0.2831   60000   90000
8884   0.8098   60000   90000
8884   0.3392   60000   90000
8884   0.2852   60000   90000
8884   0.6158   60000   90000
8884   0.3915   60000   90000
8884   0.4543   60000   90000
8884   0.4108   60000   90000
8884   0.4478   60000   90000
8884   0.4728   60000   90000
7906   0.3349   120000   150000
7906   0.3087   120000   150000
7906   0.3917   120000   150000
7906   0.4758   120000   150000
7602   0.3864   120000   150000
8288   0.3003   0   30000
8288   0.2800   0   30000
8051   0.3989   60000   90000
8051   0.4317   60000   90000
8051   0.3072   60000   90000
8051   0.2833   60000   90000
8051   0.3384   60000   90000
8051   0.2932   60000   90000
8051   0.3724   60000   90000
8051   0.2808   60000   90000
8051   0.3535   60000   90000
8769   0.3383   60000   90000
8769   0.3146   60000   90000
8769   0.5401   60000   90000
8769   0.2940   60000   90000
6991   0.3068   30000   60000
8132   0.3181   150000   180000
8493   0.3870   0   30000
8104   0.5628   30000   60000
8104   0.4484   30000   60000
8104   0.4745   30000   60000
8104   0.4202   30000   60000
8104   0.4985   30000   60000
8104   0.5121   30000   60000
8104   0.4465   30000   60000
8104   0.4951   30000   60000
8104   0.5583   30000   60000
8104   0.3694   30000   60000
8104   0.2822   30000   60000
8104   0.4041   30000   60000
8104   0.4066   30000   60000
8104   0.3874   30000   60000
8104   0.5563   30000   60000
8104   0.5308   30000   60000
8104   0.4718   30000   60000
8326   0.3387   120000   150000
8326   0.4355   120000   150000
8326   0.3085   120000   150000
8819   0.4126   150000   180000
6286   0.3220   120000   150000
8072   0.5831   60000   90000
8072   0.3748   60000   90000
8072   0.2843   60000   90000
8072   0.4342   60000   90000
8072   0.8137   60000   90000
8072   0.3124   60000   90000
8185   0.7049   150000   180000
8816   0.2813   120000   150000
8816   0.2896   120000   150000
8816   0.3484   120000   150000
8816   0.3684   120000   150000
8346   0.3298   60000   90000
8346   0.3561   60000   90000
8346   0.2856   60000   90000
8368   0.2935   120000   150000
7602   0.4435   30000   60000
8416   0.3496   120000   150000
8416   0.4147   120000   150000
8416   0.4270   120000   150000
8416   0.3165   120000   150000
8416   0.5331   120000   150000
8416   0.3350   120000   150000
8416   0.4753   120000   150000
8416   0.3436   120000   150000
8416   0.3579   120000   150000
8416   0.3200   120000   150000
8050   0.5528   150000   180000
8109   0.2819   0   30000
8109   0.3145   0   30000
8367   0.2846   150000   180000
8771   0.3427   90000   120000
8771   0.4929   90000   120000
8771   0.3029   90000   120000
8771   0.3848   90000   120000
8771   0.3732   90000   120000
8771   0.5922   90000   120000
8771   0.3169   90000   120000
6653   0.5640   90000   120000
6653   0.3390   90000   120000
6653   0.4363   90000   120000
6653   0.4954   90000   120000
6653   0.5229   90000   120000
6653   0.5045   90000   120000
6653   0.7331   90000   120000
6653   0.5392   90000   120000
6653   0.4704   90000   120000
6653   0.5335   90000   120000
6653   0.4040   90000   120000
6653   0.5005   90000   120000
6653   0.4021   90000   120000
6653   0.4915   90000   120000
6653   0.4418   90000   120000
6653   0.5044   90000   120000
8819   0.3327   120000   150000
8960   0.2893   120000   150000
8344   0.2959   150000   180000
8344   0.2902   150000   180000
8344   0.3856   150000   180000
8344   0.4458   150000   180000
8344   0.3502   150000   180000
8344   0.3378   150000   180000
7981   0.6376   0   30000
7981   0.6310   0   30000
7981   0.7045   0   30000
7981   0.4943   0   30000
7981   0.4606   0   30000
7981   0.7259   0   30000
7981   0.4675   0   30000
7981   0.3980   0   30000
7981   0.6722   0   30000
7981   0.6255   0   30000
7981   0.5221   0   30000
7981   0.4912   0   30000
7981   0.5124   0   30000
7981   0.3192   0   30000
7981   0.3033   0   30000
7981   0.3810   0   30000
7981   0.4990   0   30000
6960   0.3104   60000   90000
8810   0.3285   120000   150000
8810   0.4392   120000   150000
8810   0.2940   120000   150000
8810   0.2846   120000   150000
8087   0.3231   60000   90000
8288   0.3787   120000   150000
8288   0.3437   120000   150000
8288   0.3814   120000   150000
8288   0.3553   120000   150000
8288   0.4046   120000   150000
8288   0.3017   120000   150000
8288   0.4498   120000   150000
8109   0.3581   120000   150000
8109   0.2823   120000   150000
8367   0.2839   60000   90000
7580   0.6302   150000   180000
8454   0.3610   90000   120000
8409   0.2919   0   30000
8409   0.2964   0   30000
6512   0.2805   0   30000
6512   0.3555   0   30000
6512   0.6134   0   30000
6512   0.4186   0   30000
6512   0.6680   0   30000
6512   0.4965   0   30000
6512   0.3318   0   30000
6512   0.4076   0   30000
6512   0.2908   0   30000
6512   0.3003   0   30000
6486   0.3109   120000   150000
6802   0.3193   180000   210000
6802   0.2961   180000   210000
6802   0.3200   180000   210000
6802   0.3343   180000   210000
6802   0.3064   180000   210000
6802   0.2986   180000   210000
6802   0.3445   180000   210000
6802   0.3623   180000   210000
6802   0.3141   180000   210000
6802   0.2906   180000   210000
6802   0.2995   180000   210000
6802   0.2865   180000   210000
6802   0.3095   180000   210000
6802   0.3708   180000   210000
7626   0.3453   150000   180000
6514   0.6856   60000   90000
6514   0.4308   60000   90000
6514   0.4137   60000   90000
6514   0.5352   60000   90000
6514   0.3665   60000   90000
6514   0.5516   60000   90000
6514   0.4526   60000   90000
6514   0.3354   60000   90000
6514   0.3603   60000   90000
6514   0.4028   60000   90000
6514   0.3459   60000   90000
6514   0.4857   60000   90000
6514   0.3669   60000   90000
6514   0.6337   60000   90000
6514   0.4209   60000   90000
6514   0.3267   60000   90000
8462   0.4105   120000   150000
8069   0.3603   120000   150000
8069   0.3842   120000   150000
8069   0.2911   120000   150000
8069   0.3050   120000   150000
8069   0.3091   120000   150000
8281   0.3454   150000   180000
8281   0.3187   150000   180000
6455   0.2953   60000   90000
6455   0.3048   60000   90000
6455   0.3021   60000   90000
6653   0.2821   120000   150000
6653   0.3123   120000   150000
6653   0.4567   120000   150000
6653   0.4034   120000   150000
6653   0.4879   120000   150000
6653   0.3180   120000   150000
6653   0.2875   120000   150000
6653   0.2862   120000   150000
6653   0.5589   120000   150000
7575   0.2807   30000   60000
8007   0.3437   0   30000
8057   0.3356   30000   60000
8057   0.3681   30000   60000
8769   0.2810   150000   180000
8769   0.3152   150000   180000
8429   0.3532   90000   120000
8429   0.2814   90000   120000
8429   0.3051   90000   120000
8429   0.4589   90000   120000
8429   0.4224   90000   120000
8429   0.2884   90000   120000
8462   0.2885   60000   90000
8960   0.2832   60000   90000
8344   0.6106   90000   120000
8344   0.3655   90000   120000
8344   0.3158   90000   120000
8344   0.3025   90000   120000
8344   0.6618   90000   120000
8344   0.6188   90000   120000
8344   0.3928   90000   120000
8344   0.3188   90000   120000
8344   0.8500   90000   120000
8344   0.6046   90000   120000
8344   0.3424   90000   120000
8281   0.3359   30000   60000
8281   0.4035   30000   60000
8202   0.3539   150000   180000
8420   0.2835   150000   180000
9244   0.7270   30000   60000
8344   0.3618   150000   180000
7906   0.3925   150000   180000
8382   0.6679   0   30000
8420   0.4366   90000   120000
8288   0.6417   150000   180000
5980   0.3268   0   30000
8325   0.2971   150000   180000
8185   0.2838   150000   180000
8354   0.3094   0   30000
8810   0.6836   150000   180000
8325   0.8653   90000   120000
6359   0.3676   90000   120000
6293   1.0138   90000   120000
7345   0.3421   90000   120000
7009   0.2862   90000   120000
8281   0.3499   150000   180000
9216   0.3427   150000   180000
8782   0.5657   150000   180000
7327   0.5934   150000   180000
6819   17.8256   150000   180000
8810   0.3612   0   30000
8069   0.3229   150000   180000
9244   0.6528   90000   120000
8104   0.5794   60000   90000
8506   0.3322   120000   150000
8281   0.2883   30000   60000
8183   0.4218   30000   60000
8547   0.3612   150000   180000
8354   0.3267   90000   120000
6402   0.4227   60000   90000
8474   0.3643   120000   150000
8104   0.5908   30000   60000
7012   0.3268   30000   60000
8769   0.3291   0   30000
9227   0.4504   0   30000
6653   0.4867   150000   180000
9244   1.1660   120000   150000
9244   0.3448   60000   90000
8197   0.7259   90000   120000
8185   0.9417   0   30000
8128   0.4173   150000   180000
8884   1.0570   0   30000
5980   0.5026   60000   90000
8069   0.5371   0   30000
6564   0.3784   120000   150000
8479   0.5805   0   30000
6514   0.4719   60000   90000
6512   0.3917   90000   120000
9217   0.3063   0   30000
8103   0.5964   60000   90000
8547   0.4174   0   30000
9244   2.4614   150000   180000
6564   0.4996   30000   60000
6313   0.3333   60000   90000
8347   0.5270   150000   180000
7368   0.4679   150000   180000
8240   0.2953   60000   90000
8429   0.9240   60000   90000
6563   0.3034   60000   90000
7880   0.3197   0   30000
8416   0.3964   120000   150000
8103   0.2862   90000   120000
8202   0.3414   120000   150000
8197   0.5009   60000   90000
9197   0.3309   90000   120000
7365   0.4728   150000   180000
7009   0.3131   30000   60000
6298   0.3469   30000   60000
6402   0.5100   30000   60000
7796   0.3352   0   30000
6402   0.5955   0   30000
8185   0.5580   60000   90000
8072   0.3287   30000   60000
8051   0.2995   60000   90000
8479   0.3012   120000   150000
5980   0.3925   90000   120000
8884   0.4443   90000   120000
7054   0.3002   60000   90000
8185   0.4957   90000   120000
9217   0.3053   30000   60000
7906   0.8561   0   30000
8325   0.6608   120000   150000
8424   0.5401   0   30000
7906   0.3382   30000   60000
8506   0.4958   60000   90000
7012   0.2963   0   30000
6257   0.4126   30000   60000
8183   0.3295   60000   90000
6294   0.3438   30000   60000
8072   0.4460   60000   90000
8185   0.3105   120000   150000
6299   0.4201   60000   90000
8281   0.4714   0   30000
6296   0.4277   120000   150000
8198   0.5225   0   30000
8325   0.7905   60000   90000
8816   0.4943   90000   120000
8344   0.3527   0   30000
6293   0.3187   30000   60000
7880   0.2862   150000   180000
6512   0.5439   0   30000
8344   0.5506   90000   120000
6298   0.3560   0   30000
6293   0.5471   0   30000
8816   0.3612   120000   150000
6320   0.4555   120000   150000
7364   0.4636   30000   60000
7880   0.2847   60000   90000
6653   0.4236   60000   90000
8413   0.3476   150000   180000
7364   0.3887   120000   150000
8769   0.3609   90000   120000
7327   0.8511   60000   90000
8810   0.3607   90000   120000
8347   0.3856   30000   60000
7327   0.5863   90000   120000
8072   0.5094   120000   150000
8416   0.4771   0   30000
8420   0.5296   120000   150000
8379   0.3221   120000   150000
8479   0.3010   60000   90000
9244   0.4721   0   30000
6293   0.2939   60000   90000
7327   0.4675   120000   150000
7011   0.2829   150000   180000
8506   0.5399   30000   60000
8197   0.3884   150000   180000
7981   0.5719   0   30000
8308   0.4964   150000   180000
8072   0.5296   0   30000
8072   0.4891   90000   120000
7694   0.2941   30000   60000
7368   0.3956   30000   60000
6802   0.3153   150000   180000
8475   0.5400   0   30000
6564   0.3432   0   30000
7365   0.2832   30000   60000
8416   0.3169   150000   180000
8429   0.4764   90000   120000
8103   0.3106   30000   60000
8449   0.3492   120000   150000
6294   0.2912   0   30000
8816   1.5412   60000   90000
6296   0.3907   30000   60000
8420   0.4601   60000   90000
6512   0.3959   60000   90000
8347   0.2815   0   30000
8914   0.2918   30000   60000
8410   0.3004   90000   120000
7345   0.2907   60000   90000
6320   0.4771   90000   120000
5980   0.5177   120000   150000
8281   0.3786   90000   120000
8344   0.4101   30000   60000
8072   0.6182   150000   180000
8368   0.3203   30000   60000
7011   0.4479   60000   90000
6826   0.4037   180000   210000
8547   0.5265   90000   120000
6263   0.6916   90000   120000
6263   0.4950   60000   90000
8183   0.2833   0   30000
8547   0.3045   30000   60000
8420   0.5904   0   30000
8413   0.2823   120000   150000
8202   0.2908   0   30000
8413   0.3551   30000   60000
7012   0.4252   60000   90000
8240   0.2836   30000   60000
7981   0.4441   60000   90000
8960   0.3269   30000   60000
8416   0.3679   30000   60000
6298   0.3864   60000   90000
8420   0.3937   30000   60000
7580   0.4938   0   30000
6409   0.3194   0   30000
7327   0.9249   0   30000
9244   0.5944   30000   60000
8344   0.3551   150000   180000
7906   0.3836   150000   180000
8382   0.6610   0   30000
8420   0.4471   90000   120000
8288   0.6029   150000   180000
8325   0.3448   150000   180000
8354   0.2985   0   30000
8810   0.5445   150000   180000
8325   0.9577   90000   120000
6402   0.3118   120000   150000
6359   0.3144   90000   120000
6293   1.0127   90000   120000
7345   0.3346   90000   120000
8281   0.3855   150000   180000
9216   0.3450   150000   180000
8782   0.5252   150000   180000
7327   0.5826   150000   180000
6819   17.9963   150000   180000
8810   0.3362   0   30000
8069   0.4143   150000   180000
9244   0.5606   90000   120000
8104   0.5773   60000   90000
8506   0.3418   120000   150000
8281   0.2853   30000   60000
8183   0.4166   30000   60000
8547   0.3097   150000   180000
8354   0.3285   90000   120000
6402   0.4247   60000   90000
8474   0.3719   120000   150000
8104   0.5813   30000   60000
7012   0.3250   30000   60000
9227   0.4637   0   30000
6653   0.4580   150000   180000
9244   1.0444   120000   150000
9244   0.3749   60000   90000
8197   0.7010   90000   120000
8185   0.9550   0   30000
8128   0.4113   150000   180000
8884   1.0323   0   30000
8069   0.5298   0   30000
6564   0.3755   120000   150000
8479   0.6244   0   30000
6514   0.4551   60000   90000
8197   0.3008   30000   60000
6512   0.5035   90000   120000
8103   0.5765   60000   90000
8547   0.4487   0   30000
9244   2.3488   150000   180000
6564   0.5035   30000   60000
6313   0.2891   60000   90000
8347   0.5165   150000   180000
8344   0.2983   60000   90000
7368   0.4647   150000   180000
8429   0.9140   60000   90000
6563   0.3021   60000   90000
7880   0.3192   0   30000
8416   0.4144   120000   150000
8103   0.2815   90000   120000
8197   0.4972   60000   90000
9197   0.3183   90000   120000
7365   0.4734   150000   180000
7009   0.3162   30000   60000
6298   0.3464   30000   60000
6402   0.5133   30000   60000
7796   0.2813   0   30000
6402   0.6050   0   30000
9224   0.2807   0   30000
8185   0.5959   60000   90000
8051   0.3036   60000   90000
8479   0.2995   120000   150000
8884   0.3707   90000   120000
7054   0.2996   60000   90000
8185   0.4913   90000   120000
9217   0.3030   30000   60000
7906   0.8117   0   30000
8325   0.6589   120000   150000
8424   0.5232   0   30000
7906   0.2920   30000   60000
8506   0.4230   60000   90000
7012   0.2955   0   30000
6257   0.4198   30000   60000
8183   0.3310   60000   90000
6294   0.3470   30000   60000
8072   0.4345   60000   90000
6299   0.4244   60000   90000
8281   0.5302   0   30000
6296   0.4290   120000   150000
8198   0.4834   0   30000
8287   0.2977   90000   120000
8325   0.7591   60000   90000
6512   0.3592   30000   60000
8816   0.5451   90000   120000
8344   0.3512   0   30000
6293   0.3197   30000   60000
7880   0.2845   150000   180000
6512   0.5519   0   30000
8344   0.5252   90000   120000
6298   0.3579   0   30000
6293   0.5605   0   30000
8816   0.3351   120000   150000
6320   0.4762   120000   150000
7364   0.4676   30000   60000
7880   0.2811   60000   90000
6653   0.3873   60000   90000
8413   0.3515   150000   180000
7364   0.3885   120000   150000
6313   0.3631   120000   150000
8769   0.3397   90000   120000
7327   0.8501   60000   90000
8810   0.3283   90000   120000
8347   0.3776   30000   60000
7327   0.5861   90000   120000
8072   0.4025   120000   150000
8416   0.5034   0   30000
7796   0.2823   30000   60000
8420   0.5089   120000   150000
8379   0.3159   120000   150000
8479   0.3015   60000   90000
9244   0.4423   0   30000
6293   0.2971   60000   90000
7327   0.4685   120000   150000
7011   0.2815   150000   180000
8506   0.5168   30000   60000
6409   0.2819   120000   150000
8197   0.3652   150000   180000
7981   0.5746   0   30000
8308   0.5031   150000   180000
6359   0.2863   120000   150000
8072   0.5322   0   30000
8072   0.5106   90000   120000
7368   0.3957   30000   60000
6802   0.3147   150000   180000
8475   0.5417   0   30000
6564   0.3418   0   30000
7365   0.2805   30000   60000
8416   0.3497   150000   180000
8429   0.4838   90000   120000
8103   0.3530   30000   60000
8449   0.3494   120000   150000
6294   0.2939   0   30000
8816   1.3820   60000   90000
6296   0.3918   30000   60000
8420   0.4230   60000   90000
6512   0.3996   60000   90000
8914   0.2881   30000   60000
8410   0.3092   90000   120000
7345   0.2910   60000   90000
6320   0.4778   90000   120000
8281   0.3784   90000   120000
8344   0.4226   30000   60000
8072   0.6678   150000   180000
8368   0.3152   30000   60000
7011   0.4467   60000   90000
6826   0.3985   180000   210000
8547   0.5012   90000   120000
6263   0.6781   90000   120000
6263   0.4844   60000   90000
8547   0.2884   30000   60000
8420   0.5350   0   30000
8202   0.2935   0   30000
8413   0.3948   30000   60000
7012   0.4213   60000   90000
8240   0.2822   30000   60000
7981   0.4279   60000   90000
8960   0.3164   30000   60000
8416   0.3429   30000   60000
6298   0.3860   60000   90000
8420   0.3413   30000   60000
7580   0.4930   0   30000
6409   0.2989   0   30000
7327   0.9193   0   30000
9244   0.4346   30000   60000
8068   0.3135   120000   150000
8325   0.3127   150000   180000
6402   0.3631   120000   150000
8069   0.4487   150000   180000
8506   0.3695   120000   150000
9227   0.4740   0   30000
9244   0.3615   60000   90000
8197   0.6709   90000   120000
8185   0.9695   0   30000
8197   0.3076   30000   60000
8547   0.4103   0   30000
8185   0.5891   60000   90000
8185   0.4772   90000   120000
6313   0.3622   120000   150000
6409   0.2887   120000   150000
8072   0.5335   0   30000
8281   0.3666   90000   120000
7981   0.4262   60000   90000
