comap-0006514-2019-06-15-181809.hd5   120000   150000      0
comap-0007365-2019-08-09-010559.hd5   30000   60000      1
comap-0007364-2019-08-08-235715.hd5   30000   60000      1
comap-0008132-2019-10-05-014107.hd5   120000   150000      0
comap-0008480-2019-10-20-004717.hd5   30000   60000      1
comap-0007009-2019-07-22-223305.hd5   90000   120000      1
comap-0008325-2019-10-13-115915.hd5   0   30000      0
comap-0006455-2019-06-13-081140.hd5   120000   150000      0
comap-0007540-2019-09-03-203304.hd5   90000   120000      0
comap-0007796-2019-09-20-154011.hd5   150000   180000      0
comap-0008488-2019-10-20-080558.hd5   30000   60000      0
comap-0007345-2019-08-08-001137.hd5   30000   60000      1
comap-0008294-2019-10-12-073531.hd5   60000   90000      0
comap-0007012-2019-07-23-015049.hd5   90000   120000      1
comap-0008050-2019-10-01-053506.hd5   150000   180000      0
comap-0008493-2019-10-20-123915.hd5   0   30000      0
comap-0008231-2019-10-09-073852.hd5   90000   120000      0
comap-0008382-2019-10-15-205113.hd5   60000   90000      0
comap-0009217-2019-11-14-202224.hd5   120000   150000      1
comap-0006802-2019-07-09-021814.hd5   90000   120000      0
comap-0006294-2019-06-04-020646.hd5   30000   60000      1
comap-0006564-2019-06-18-002334.hd5   0   30000      1
comap-0006320-2019-06-06-092846.hd5   90000   120000      0
comap-0008312-2019-10-13-011517.hd5   90000   120000      0
comap-0007364-2019-08-08-235715.hd5   0   30000      1
comap-0008409-2019-10-17-044747.hd5   150000   180000      0
comap-0007054-2019-07-24-235322.hd5   150000   180000      0
comap-0007117-2019-07-29-170123.hd5   0   30000      0
comap-0008347-2019-10-14-092607.hd5   0   30000      0
comap-0008307-2019-10-12-210537.hd5   90000   120000      0
comap-0008410-2019-10-17-054940.hd5   0   30000      0
comap-0008231-2019-10-09-073852.hd5   0   30000      0
comap-0007575-2019-09-07-014447.hd5   120000   150000      0
comap-0008051-2019-10-01-064057.hd5   60000   90000      0
comap-0008519-2019-10-21-134315.hd5   90000   120000      0
comap-0006901-2019-07-15-154506.hd5   60000   90000      0
comap-0006940-2019-07-17-131829.hd5   30000   60000      0
comap-0008268-2019-10-11-012738.hd5   120000   150000      0
comap-0009387-2019-11-19-225242.hd5   30000   60000      1
comap-0006802-2019-07-09-021814.hd5   150000   180000      0
comap-0006960-2019-07-18-113932.hd5   120000   150000      0
comap-0006800-2019-07-08-232544.hd5   120000   150000      0
comap-0008161-2019-10-06-085940.hd5   0   30000      0
comap-0008825-2019-11-03-135859.hd5   90000   120000      0
comap-0007880-2019-09-24-000059.hd5   120000   150000      1
comap-0008087-2019-10-03-021026.hd5   90000   120000      0
comap-0007055-2019-07-25-010004.hd5   30000   60000      0
comap-0007626-2019-09-11-091951.hd5   0   30000      0
comap-0008059-2019-10-01-160355.hd5   60000   90000      0
comap-0008354-2019-10-14-162640.hd5   90000   120000      0
comap-0008132-2019-10-05-014107.hd5   60000   90000      0
comap-0007706-2019-09-14-202813.hd5   150000   180000      0
comap-0008050-2019-10-01-053506.hd5   30000   60000      0
comap-0008198-2019-10-07-211322.hd5   0   30000      0
comap-0008161-2019-10-06-085940.hd5   150000   180000      0
comap-0008344-2019-10-14-055842.hd5   0   30000      0
comap-0008312-2019-10-13-011517.hd5   30000   60000      0
comap-0008104-2019-10-03-212636.hd5   0   30000      0
comap-0008354-2019-10-14-162640.hd5   120000   150000      0
comap-0006960-2019-07-18-113932.hd5   150000   180000      0
comap-0008226-2019-10-09-012833.hd5   90000   120000      0
comap-0008198-2019-10-07-211322.hd5   60000   90000      1
comap-0006653-2019-06-27-000128.hd5   60000   90000      0
comap-0008420-2019-10-17-161402.hd5   120000   150000      0
comap-0008522-2019-10-21-170618.hd5   150000   180000      0
comap-0008304-2019-10-12-174358.hd5   0   30000      0
comap-0006263-2019-05-31-011427.hd5   120000   150000      1
comap-0008368-2019-10-15-055435.hd5   90000   120000      0
comap-0008114-2019-10-04-075627.hd5   30000   60000      0
comap-0008231-2019-10-09-073852.hd5   30000   60000      0
comap-0006313-2019-06-06-011205.hd5   60000   90000      0
comap-0007580-2019-09-07-070933.hd5   60000   90000      0
comap-0008462-2019-10-19-070408.hd5   30000   60000      0
comap-0008823-2019-11-03-114359.hd5   150000   180000      0
comap-0006409-2019-06-11-092113.hd5   90000   120000      0
comap-0008210-2019-10-08-095538.hd5   150000   180000      0
comap-0008308-2019-10-12-221015.hd5   0   30000      0
comap-0006298-2019-06-04-051855.hd5   60000   90000      1
comap-0007054-2019-07-24-235322.hd5   90000   120000      0
comap-0006854-2019-07-12-204807.hd5   90000   120000      0
comap-0006402-2019-06-11-011933.hd5   120000   150000      0
comap-0006298-2019-06-04-051855.hd5   0   30000      1
comap-0007013-2019-07-23-030040.hd5   60000   90000      1
comap-0008209-2019-10-08-084936.hd5   90000   120000      0
comap-0008827-2019-11-03-161401.hd5   30000   60000      0
comap-0007086-2019-07-28-054733.hd5   120000   150000      0
comap-0007575-2019-09-07-014447.hd5   60000   90000      0
comap-0007343-2019-08-07-220019.hd5   90000   120000      1
comap-0006910-2019-07-16-013742.hd5   30000   60000      0
comap-0008416-2019-10-17-114332.hd5   30000   60000      0
comap-0008475-2019-10-19-203810.hd5   120000   150000      0
comap-0006455-2019-06-13-081140.hd5   0   30000      0
comap-0007055-2019-07-25-010004.hd5   120000   150000      0
comap-0009244-2019-11-16-001832.hd5   150000   180000      0
comap-0009236-2019-11-15-153009.hd5   120000   150000      0
comap-0008051-2019-10-01-064057.hd5   120000   150000      0
comap-0008825-2019-11-03-135859.hd5   150000   180000      0
comap-0007327-2019-08-07-053715.hd5   90000   120000      1
comap-0008210-2019-10-08-095538.hd5   90000   120000      0
comap-0007006-2019-07-22-191625.hd5   30000   60000      0
comap-0007966-2019-09-27-151224.hd5   90000   120000      0
comap-0007694-2019-09-14-075030.hd5   30000   60000      0
comap-0007365-2019-08-09-010559.hd5   150000   180000      1
comap-0009236-2019-11-15-153009.hd5   30000   60000      0
comap-0009200-2019-11-14-052828.hd5   30000   60000      1
comap-0008825-2019-11-03-135859.hd5   0   30000      0
comap-0008081-2019-10-02-145217.hd5   150000   180000      0
comap-0006653-2019-06-27-000128.hd5   150000   180000      0
comap-0007012-2019-07-23-015049.hd5   150000   180000      1
comap-0007880-2019-09-24-000059.hd5   0   30000      1
comap-0006479-2019-06-14-055204.hd5   120000   150000      0
comap-0006257-2019-05-30-195732.hd5   30000   60000      0
comap-0008782-2019-11-01-184134.hd5   0   30000      0
comap-0007365-2019-08-09-010559.hd5   90000   120000      1
comap-0009200-2019-11-14-052828.hd5   150000   180000      0
comap-0008888-2019-11-06-145611.hd5   90000   120000      1
comap-0008488-2019-10-20-080558.hd5   60000   90000      0
comap-0008946-2019-11-08-223434.hd5   90000   120000      0
comap-0006486-2019-06-14-124341.hd5   0   30000      0
comap-0007966-2019-09-27-151224.hd5   0   30000      0
comap-0008326-2019-10-13-130645.hd5   30000   60000      0
comap-0007818-2019-09-21-132644.hd5   120000   150000      0
comap-0008825-2019-11-03-135859.hd5   120000   150000      0
comap-0008501-2019-10-20-213806.hd5   0   30000      0
comap-0007117-2019-07-29-170123.hd5   120000   150000      0
comap-0008325-2019-10-13-115915.hd5   120000   150000      0
comap-0008769-2019-11-01-062544.hd5   60000   90000      0
comap-0006563-2019-06-17-232117.hd5   120000   150000      0
comap-0008382-2019-10-15-205113.hd5   0   30000      0
comap-0006479-2019-06-14-055204.hd5   90000   120000      0
comap-0008816-2019-11-03-042930.hd5   60000   90000      0
comap-0008347-2019-10-14-092607.hd5   30000   60000      1
comap-0008501-2019-10-20-213806.hd5   120000   150000      0
comap-0008161-2019-10-06-085940.hd5   30000   60000      0
comap-0007011-2019-07-23-004411.hd5   30000   60000      0
comap-0009217-2019-11-14-202224.hd5   30000   60000      1
comap-0008109-2019-10-04-014846.hd5   120000   150000      0
comap-0008185-2019-10-07-085230.hd5   90000   120000      1
comap-0007086-2019-07-28-054733.hd5   90000   120000      0
comap-0007114-2019-07-29-134411.hd5   150000   180000      0
comap-0008288-2019-10-12-012729.hd5   120000   150000        0
comap-0007009-2019-07-22-223305.hd5   60000   90000      1
comap-0008409-2019-10-17-044747.hd5   60000   90000      0
comap-0008347-2019-10-14-092607.hd5   150000   180000      1
comap-0008226-2019-10-09-012833.hd5   30000   60000      0
comap-0009244-2019-11-16-001832.hd5   0   30000      0
comap-0008946-2019-11-08-223434.hd5   150000   180000      0
comap-0009244-2019-11-16-001832.hd5   60000   90000      0
comap-0008304-2019-10-12-174358.hd5   120000   150000      0
comap-0008448-2019-10-18-182624.hd5   120000   150000         0
comap-0006826-2019-07-11-083128.hd5   60000   90000      0
comap-0006826-2019-07-11-083128.hd5   180000   210000      0
comap-0008287-2019-10-12-002258.hd5   90000   120000      0
comap-0006653-2019-06-27-000128.hd5   120000   150000      0
comap-0008104-2019-10-03-212636.hd5   150000   180000      0
comap-0007818-2019-09-21-132644.hd5   30000   60000      0
comap-0008326-2019-10-13-130645.hd5   0   30000      0
comap-0006564-2019-06-18-002334.hd5   90000   120000      0
comap-0009387-2019-11-19-225242.hd5   90000   120000      1
comap-0008354-2019-10-14-162640.hd5   0   30000      0
comap-0008819-2019-11-03-080533.hd5   120000   150000      0
comap-0008782-2019-11-01-184134.hd5   30000   60000      0
comap-0008307-2019-10-12-210537.hd5   30000   60000      0
comap-0006991-2019-07-19-205723.hd5   0   30000      0
comap-0008960-2019-11-09-133622.hd5   0   30000      0
comap-0008488-2019-10-20-080558.hd5   0   30000      0
comap-0009238-2019-11-15-174730.hd5   60000   90000      1
comap-0008304-2019-10-12-174358.hd5   30000   60000      0
comap-0008827-2019-11-03-161401.hd5   60000   90000      0
comap-0008413-2019-10-17-091918.hd5   120000   150000      1
comap-0008819-2019-11-03-080533.hd5   30000   60000      0
comap-0008197-2019-10-07-200436.hd5   120000   150000      0
comap-0008368-2019-10-15-055435.hd5   0   30000      0
comap-0006900-2019-07-15-143537.hd5   30000   60000      0
comap-0006952-2019-07-18-023903.hd5   0   30000      0
comap-0006900-2019-07-15-143537.hd5   90000   120000      0
comap-0008494-2019-10-20-134735.hd5   90000   120000      0
comap-0008825-2019-11-03-135859.hd5   60000   90000      0
comap-0006299-2019-06-04-062130.hd5   0   30000      1
comap-0008501-2019-10-20-213806.hd5   150000   180000      0
comap-0006800-2019-07-08-232544.hd5   60000   90000      0
comap-0007575-2019-09-07-014447.hd5   90000   120000      0
comap-0008475-2019-10-19-203810.hd5   30000   60000      0
comap-0008268-2019-10-11-012738.hd5   0   30000      0
comap-0007008-2019-07-22-212741.hd5   120000   150000      1
comap-0007133-2019-07-30-105227.hd5   150000   180000      0
comap-0006293-2019-06-04-010340.hd5   120000   150000      1
comap-0008109-2019-10-04-014846.hd5   150000   180000      0
comap-0008810-2019-11-02-234916.hd5   90000   120000      0
comap-0008960-2019-11-09-133622.hd5   150000   180000      0
comap-0008210-2019-10-08-095538.hd5   30000   60000      0
comap-0008424-2019-10-17-204256.hd5   90000   120000      0
comap-0007130-2019-07-30-075758.hd5   0   30000      0
comap-0007009-2019-07-22-223305.hd5   150000   180000      1
comap-0008114-2019-10-04-075627.hd5   60000   90000      0
comap-0006960-2019-07-18-113932.hd5   0   30000         0
comap-0006940-2019-07-17-131829.hd5   150000   180000      0
comap-0008522-2019-10-21-170618.hd5   30000   60000      0
comap-0007906-2019-09-25-055844.hd5   90000   120000      0
comap-0006900-2019-07-15-143537.hd5   60000   90000      0
comap-0008810-2019-11-02-234916.hd5   30000   60000      0
comap-0008325-2019-10-13-115915.hd5   60000   90000      0
comap-0009197-2019-11-14-024211.hd5   90000   120000      1
comap-0007343-2019-08-07-220019.hd5   30000   60000      1
comap-0007327-2019-08-07-053715.hd5   150000   180000      1
comap-0008462-2019-10-19-070408.hd5   150000   180000      0
comap-0008416-2019-10-17-114332.hd5   60000   90000      0
comap-0007012-2019-07-23-015049.hd5   60000   90000      1
comap-0006854-2019-07-12-204807.hd5   30000   60000      0
comap-0009387-2019-11-19-225242.hd5   0   30000      1
comap-0006298-2019-06-04-051855.hd5   30000   60000      1
comap-0005980-2019-05-18-043705.hd5   30000   60000      1
comap-0008462-2019-10-19-070408.hd5   60000   90000      0
comap-0007012-2019-07-23-015049.hd5   0   30000      1
comap-0008480-2019-10-20-004717.hd5   90000   120000      0
comap-0006854-2019-07-12-204807.hd5   180000   210000      0
comap-0006851-2019-07-12-154623.hd5   60000   90000      0
comap-0008986-2019-11-10-165457.hd5   90000   120000      0
comap-0006854-2019-07-12-204807.hd5   120000   150000      0
comap-0009409-2019-11-20-203922.hd5   150000   180000      1
comap-0008501-2019-10-20-213806.hd5   60000   90000      0
comap-0008103-2019-10-03-201659.hd5   60000   90000      0
comap-0006802-2019-07-09-021814.hd5   120000   150000      0
comap-0008816-2019-11-03-042930.hd5   30000   60000      0
comap-0008132-2019-10-05-014107.hd5   0   30000      0
comap-0008240-2019-10-09-210540.hd5   60000   90000      0
comap-0008354-2019-10-14-162640.hd5   30000   60000      0
comap-0007013-2019-07-23-030040.hd5   120000   150000      1
comap-0007368-2019-08-09-041820.hd5   60000   90000      1
comap-0007364-2019-08-08-235715.hd5   90000   120000      1
comap-0008258-2019-10-10-152617.hd5   60000   90000      0
comap-0008240-2019-10-09-210540.hd5   150000   180000      0
comap-0008312-2019-10-13-011517.hd5   0   30000      0
comap-0008209-2019-10-08-084936.hd5   150000   180000      0
comap-0006800-2019-07-08-232544.hd5   180000   210000      0
comap-0008197-2019-10-07-200436.hd5   30000   60000      0
comap-0008281-2019-10-11-131509.hd5   90000   120000      0
comap-0008128-2019-10-04-222904.hd5   150000   180000      0
comap-0006299-2019-06-04-062130.hd5   90000   120000      1
comap-0008103-2019-10-03-201659.hd5   150000   180000      0
comap-0007580-2019-09-07-070933.hd5   0   30000      1
comap-0008782-2019-11-01-184134.hd5   60000   90000      0
comap-0008308-2019-10-12-221015.hd5   150000   180000      0
comap-0006452-2019-06-13-045151.hd5   90000   120000      0
comap-0008404-2019-10-17-010002.hd5   150000   180000      0
comap-0008120-2019-10-04-133951.hd5   120000   150000      0
comap-0008771-2019-11-01-083159.hd5   150000   180000      0
comap-0008479-2019-10-19-234146.hd5   120000   150000      1
comap-0006294-2019-06-04-020646.hd5   60000   90000      1
comap-0006293-2019-06-04-010340.hd5   30000   60000      1
comap-0006851-2019-07-12-154623.hd5   90000   120000      0
comap-0009236-2019-11-15-153009.hd5   0   30000      0
comap-0008209-2019-10-08-084936.hd5   120000   150000      0
comap-0006826-2019-07-11-083128.hd5   90000   120000      0
comap-0007878-2019-09-23-214233.hd5   120000   150000      0
comap-0006402-2019-06-11-011933.hd5   30000   60000      0
comap-0008346-2019-10-14-082415.hd5   90000   120000      0
comap-0008769-2019-11-01-062544.hd5   90000   120000      0
comap-0008454-2019-10-18-234523.hd5   0   30000      0
comap-0007818-2019-09-21-132644.hd5   90000   120000      0
comap-0008403-2019-10-16-235302.hd5   0   30000      1
comap-0009244-2019-11-16-001832.hd5   30000   60000      0
comap-0008121-2019-10-04-144440.hd5   90000   120000      0
comap-0009217-2019-11-14-202224.hd5   90000   120000      1
comap-0008866-2019-11-05-170318.hd5   150000   180000      0
comap-0008294-2019-10-12-073531.hd5   0   30000      0
comap-0008209-2019-10-08-084936.hd5   30000   60000      0
comap-0008103-2019-10-03-201659.hd5   90000   120000      0
comap-0008356-2019-10-14-185407.hd5   90000   120000      0
comap-0008202-2019-10-08-002419.hd5   150000   180000      0
comap-0008121-2019-10-04-144440.hd5   120000   150000      0
comap-0008109-2019-10-04-014846.hd5   90000   120000      0
comap-0008475-2019-10-19-203810.hd5   150000   180000      0
comap-0008493-2019-10-20-123915.hd5   90000   120000      0
comap-0005980-2019-05-18-043705.hd5   0   30000      1
comap-0006952-2019-07-18-023903.hd5   30000   60000      0
comap-0006296-2019-06-04-041226.hd5   60000   90000      1
comap-0008475-2019-10-19-203810.hd5   60000   90000      1
comap-0008823-2019-11-03-114359.hd5   60000   90000      0
comap-0008449-2019-10-18-193552.hd5   30000   60000      0
comap-0008344-2019-10-14-055842.hd5   150000   180000      0
comap-0006991-2019-07-19-205723.hd5   120000   150000      0
comap-0006514-2019-06-15-181809.hd5   0   30000      0
comap-0008051-2019-10-01-064057.hd5   0   30000      0
comap-0008087-2019-10-03-021026.hd5   0   30000      0
comap-0007368-2019-08-09-041820.hd5   30000   60000      1
comap-0006296-2019-06-04-041226.hd5   0   30000      1
comap-0008771-2019-11-01-083159.hd5   120000   150000      0
comap-0008493-2019-10-20-123915.hd5   150000   180000      0
comap-0008522-2019-10-21-170618.hd5   0   30000      0
comap-0008884-2019-11-06-102452.hd5   30000   60000      0
comap-0007345-2019-08-08-001137.hd5   150000   180000      0
comap-0008059-2019-10-01-160355.hd5   120000   150000      0
comap-0008819-2019-11-03-080533.hd5   60000   90000      0
comap-0008449-2019-10-18-193552.hd5   150000   180000         0
comap-0008057-2019-10-01-135150.hd5   0   30000      0
comap-0008183-2019-10-07-061721.hd5   90000   120000      0
comap-0008059-2019-10-01-160355.hd5   30000   60000      0
comap-0009216-2019-11-14-191734.hd5   90000   120000      1
comap-0005980-2019-05-18-043705.hd5   120000   150000      1
comap-0008068-2019-10-02-004709.hd5   150000   180000      0
comap-0008449-2019-10-18-193552.hd5   0   30000      0
comap-0007818-2019-09-21-132644.hd5   0   30000      0
comap-0007540-2019-09-03-203304.hd5   150000   180000      0
comap-0008121-2019-10-04-144440.hd5   150000   180000      0
comap-0008210-2019-10-08-095538.hd5   120000   150000      0
comap-0008420-2019-10-17-161402.hd5   60000   90000      0
comap-0008252-2019-10-10-094420.hd5   150000   180000      0
comap-0008424-2019-10-17-204256.hd5   60000   90000      0
comap-0006286-2019-06-01-005621.hd5   150000   180000      0
comap-0008986-2019-11-10-165457.hd5   0   30000      0
comap-0008226-2019-10-09-012833.hd5   150000   180000      0
comap-0008827-2019-11-03-161401.hd5   150000   180000      0
comap-0006800-2019-07-08-232544.hd5   210000   240000      0
comap-0008354-2019-10-14-162640.hd5   150000   180000      0
comap-0007008-2019-07-22-212741.hd5   0   30000      0
comap-0006653-2019-06-27-000128.hd5   30000   60000      0
comap-0008121-2019-10-04-144440.hd5   60000   90000      0
comap-0008287-2019-10-12-002258.hd5   30000   60000      0
comap-0008281-2019-10-11-131509.hd5   0   30000      0
comap-0008946-2019-11-08-223434.hd5   0   30000      0
comap-0007327-2019-08-07-053715.hd5   0   30000      1
comap-0008506-2019-10-21-014807.hd5   30000   60000      0
comap-0007065-2019-07-25-111208.hd5   30000   60000      0
comap-0006565-2019-06-18-012552.hd5   120000   150000      1
comap-0008416-2019-10-17-114332.hd5   120000   150000      0
comap-0008109-2019-10-04-014846.hd5   0   30000      0
comap-0006409-2019-06-11-092113.hd5   150000   180000      0
comap-0008403-2019-10-16-235302.hd5   150000   180000      1
comap-0008506-2019-10-21-014807.hd5   60000   90000      0
comap-0008986-2019-11-10-165457.hd5   120000   150000      0
comap-0006940-2019-07-17-131829.hd5   0   30000      0
comap-0007906-2019-09-25-055844.hd5   60000   90000      0
comap-0008454-2019-10-18-234523.hd5   150000   180000      0
comap-0008007-2019-09-29-085806.hd5   0   30000      0
comap-0008252-2019-10-10-094420.hd5   90000   120000      0
comap-0006960-2019-07-18-113932.hd5   60000   90000         0
comap-0008183-2019-10-07-061721.hd5   120000   150000      0
comap-0008866-2019-11-05-170318.hd5   30000   60000      0
comap-0008986-2019-11-10-165457.hd5   30000   60000      0
comap-0006486-2019-06-14-124341.hd5   150000   180000      0
comap-0008079-2019-10-02-124234.hd5   0   30000      0
comap-0008109-2019-10-04-014846.hd5   60000   90000      0
comap-0008347-2019-10-14-092607.hd5   60000   90000      0
comap-0007006-2019-07-22-191625.hd5   150000   180000      0
comap-0008114-2019-10-04-075627.hd5   120000   150000      0
comap-0009224-2019-11-15-023811.hd5   0   30000      1
comap-0008288-2019-10-12-012729.hd5   30000   60000      0
comap-0008346-2019-10-14-082415.hd5   60000   90000      0
comap-0008344-2019-10-14-055842.hd5   30000   60000      1
comap-0006900-2019-07-15-143537.hd5   150000   180000      0
comap-0008114-2019-10-04-075627.hd5   0   30000      0
comap-0008069-2019-10-02-015554.hd5   30000   60000      0
comap-0007086-2019-07-28-054733.hd5   30000   60000      0
comap-0008488-2019-10-20-080558.hd5   120000   150000      0
comap-0007133-2019-07-30-105227.hd5   0   30000      0
comap-0006802-2019-07-09-021814.hd5   180000   210000      0
comap-0007133-2019-07-30-105227.hd5   30000   60000      0
comap-0006910-2019-07-16-013742.hd5   120000   150000      0
comap-0007011-2019-07-23-004411.hd5   150000   180000      1
comap-0008368-2019-10-15-055435.hd5   60000   90000      0
comap-0006940-2019-07-17-131829.hd5   60000   90000      0
comap-0009200-2019-11-14-052828.hd5   0   30000      0
comap-0008288-2019-10-12-012729.hd5   90000   120000      0
comap-0008810-2019-11-02-234916.hd5   120000   150000      0
comap-0008007-2019-09-29-085806.hd5   150000   180000      0
comap-0008914-2019-11-07-134407.hd5   150000   180000      0
comap-0008120-2019-10-04-133951.hd5   0   30000      0
comap-0008823-2019-11-03-114359.hd5   0   30000      0
comap-0007006-2019-07-22-191625.hd5   0   30000      0
comap-0007818-2019-09-21-132644.hd5   60000   90000      0
comap-0008288-2019-10-12-012729.hd5   0   30000      0
comap-0007159-2019-07-31-170643.hd5   120000   150000      0
comap-0006653-2019-06-27-000128.hd5   90000   120000         0
comap-0006263-2019-05-31-011427.hd5   90000   120000      1
comap-0007880-2019-09-24-000059.hd5   90000   120000      1
comap-0008312-2019-10-13-011517.hd5   150000   180000      0
comap-0008050-2019-10-01-053506.hd5   0   30000         0
comap-0007343-2019-08-07-220019.hd5   150000   180000      1
comap-0007114-2019-07-29-134411.hd5   120000   150000      0
comap-0008081-2019-10-02-145217.hd5   60000   90000      0
comap-0007368-2019-08-09-041820.hd5   0   30000      1
comap-0008547-2019-10-22-155432.hd5   60000   90000      0
comap-0008379-2019-10-15-172940.hd5   60000   90000      0
comap-0008914-2019-11-07-134407.hd5   30000   60000      0
comap-0007011-2019-07-23-004411.hd5   60000   90000      1
comap-0008410-2019-10-17-054940.hd5   120000   150000      1
comap-0008121-2019-10-04-144440.hd5   0   30000      0
comap-0007694-2019-09-14-075030.hd5   150000   180000      0
comap-0008429-2019-10-18-005415.hd5   150000   180000      0
comap-0008354-2019-10-14-162640.hd5   60000   90000      0
comap-0008884-2019-11-06-102452.hd5   120000   150000      0
comap-0007065-2019-07-25-111208.hd5   120000   150000      0
comap-0007580-2019-09-07-070933.hd5   150000   180000      0
comap-0008488-2019-10-20-080558.hd5   150000   180000      0
comap-0006952-2019-07-18-023903.hd5   60000   90000      0
comap-0008240-2019-10-09-210540.hd5   30000   60000      0
comap-0008823-2019-11-03-114359.hd5   120000   150000      0
comap-0008087-2019-10-03-021026.hd5   150000   180000      0
comap-0008382-2019-10-15-205113.hd5   120000   150000      0
comap-0007880-2019-09-24-000059.hd5   60000   90000      1
comap-0006320-2019-06-06-092846.hd5   30000   60000      0
comap-0008454-2019-10-18-234523.hd5   60000   90000      0
comap-0008398-2019-10-16-125544.hd5   150000   180000      0
comap-0008368-2019-10-15-055435.hd5   30000   60000      0
comap-0008258-2019-10-10-152617.hd5   0   30000      0
comap-0006296-2019-06-04-041226.hd5   30000   60000      1
comap-0006299-2019-06-04-062130.hd5   60000   90000      1
comap-0008379-2019-10-15-172940.hd5   90000   120000      0
comap-0006298-2019-06-04-051855.hd5   120000   150000      0
comap-0008771-2019-11-01-083159.hd5   30000   60000      0
comap-0007796-2019-09-20-154011.hd5   120000   150000      0
comap-0007878-2019-09-23-214233.hd5   60000   90000      1
comap-0007981-2019-09-28-034910.hd5   90000   120000      0
comap-0008252-2019-10-10-094420.hd5   0   30000      0
comap-0008161-2019-10-06-085940.hd5   60000   90000      0
comap-0008268-2019-10-11-012738.hd5   150000   180000      0
comap-0008068-2019-10-02-004709.hd5   60000   90000      0
comap-0008398-2019-10-16-125544.hd5   0   30000      0
comap-0008383-2019-10-15-215628.hd5   90000   120000      0
comap-0008120-2019-10-04-133951.hd5   90000   120000      0
comap-0008197-2019-10-07-200436.hd5   90000   120000         0
comap-0008522-2019-10-21-170618.hd5   90000   120000      0
comap-0007343-2019-08-07-220019.hd5   60000   90000      0
comap-0008288-2019-10-12-012729.hd5   60000   90000      0
comap-0008081-2019-10-02-145217.hd5   30000   60000      0
comap-0008404-2019-10-17-010002.hd5   120000   150000      0
comap-0008379-2019-10-15-172940.hd5   30000   60000      0
comap-0008506-2019-10-21-014807.hd5   120000   150000      0
comap-0006960-2019-07-18-113932.hd5   90000   120000      0
comap-0007055-2019-07-25-010004.hd5   0   30000      0
comap-0008454-2019-10-18-234523.hd5   120000   150000      0
comap-0008479-2019-10-19-234146.hd5   0   30000      0
comap-0007368-2019-08-09-041820.hd5   90000   120000      1
comap-0009221-2019-11-14-231044.hd5   0   30000      1
comap-0007540-2019-09-03-203304.hd5   0   30000      0
comap-0008231-2019-10-09-073852.hd5   60000   90000      0
comap-0007013-2019-07-23-030040.hd5   0   30000      0
comap-0008325-2019-10-13-115915.hd5   30000   60000      0
comap-0006802-2019-07-09-021814.hd5   60000   90000      0
comap-0007327-2019-08-07-053715.hd5   30000   60000      1
comap-0006940-2019-07-17-131829.hd5   120000   150000      0
comap-0008081-2019-10-02-145217.hd5   120000   150000      0
comap-0006286-2019-06-01-005621.hd5   120000   150000      0
comap-0008960-2019-11-09-133622.hd5   30000   60000      0
comap-0008405-2019-10-17-020457.hd5   60000   90000      1
comap-0006320-2019-06-06-092846.hd5   60000   90000      0
comap-0006479-2019-06-14-055204.hd5   0   30000      0
comap-0006263-2019-05-31-011427.hd5   0   30000      0
comap-0007878-2019-09-23-214233.hd5   150000   180000      0
comap-0006991-2019-07-19-205723.hd5   60000   90000      0
comap-0008405-2019-10-17-020457.hd5   30000   60000      1
comap-0008409-2019-10-17-044747.hd5   0   30000      0
comap-0006851-2019-07-12-154623.hd5   150000   180000      0
comap-0008379-2019-10-15-172940.hd5   150000   180000      0
comap-0006826-2019-07-11-083128.hd5   120000   150000      0
comap-0006409-2019-06-11-092113.hd5   30000   60000      0
comap-0008051-2019-10-01-064057.hd5   30000   60000      0
comap-0009244-2019-11-16-001832.hd5   90000   120000      0
comap-0008405-2019-10-17-020457.hd5   150000   180000      1
comap-0006563-2019-06-17-232117.hd5   0   30000      1
comap-0007054-2019-07-24-235322.hd5   120000   150000      0
comap-0008888-2019-11-06-145611.hd5   30000   60000      1
comap-0008183-2019-10-07-061721.hd5   60000   90000      0
comap-0008367-2019-10-15-045234.hd5   60000   90000      0
comap-0008519-2019-10-21-134315.hd5   120000   150000      0
comap-0009387-2019-11-19-225242.hd5   120000   150000      1
comap-0007013-2019-07-23-030040.hd5   150000   180000      1
comap-0008304-2019-10-12-174358.hd5   90000   120000      0
comap-0006564-2019-06-18-002334.hd5   120000   150000      1
comap-0006563-2019-06-17-232117.hd5   60000   90000      1
comap-0008888-2019-11-06-145611.hd5   150000   180000      1
comap-0008914-2019-11-07-134407.hd5   120000   150000      0
comap-0008057-2019-10-01-135150.hd5   90000   120000      0
comap-0006479-2019-06-14-055204.hd5   60000   90000      0
comap-0008866-2019-11-05-170318.hd5   60000   90000      0
comap-0008383-2019-10-15-215628.hd5   150000   180000      0
comap-0006901-2019-07-15-154506.hd5   90000   120000      0
comap-0008474-2019-10-19-193319.hd5   150000   180000      0
comap-0008307-2019-10-12-210537.hd5   150000   180000      0
comap-0008416-2019-10-17-114332.hd5   150000   180000      0
comap-0008202-2019-10-08-002419.hd5   60000   90000      0
comap-0006293-2019-06-04-010340.hd5   90000   120000      1
comap-0008474-2019-10-19-193319.hd5   120000   150000      0
comap-0006565-2019-06-18-012552.hd5   90000   120000      1
comap-0008522-2019-10-21-170618.hd5   60000   90000      1
comap-0007730-2019-09-17-180227.hd5   30000   60000      0
comap-0007706-2019-09-14-202813.hd5   90000   120000      0
comap-0006564-2019-06-18-002334.hd5   150000   180000      1
comap-0008007-2019-09-29-085806.hd5   90000   120000      0
comap-0008825-2019-11-03-135859.hd5   30000   60000      0
comap-0008769-2019-11-01-062544.hd5   150000   180000      0
comap-0006826-2019-07-11-083128.hd5   210000   240000      0
comap-0008007-2019-09-29-085806.hd5   120000   150000      0
comap-0007004-2019-07-20-113150.hd5   60000   90000      0
comap-0008308-2019-10-12-221015.hd5   60000   90000      0
comap-0008185-2019-10-07-085230.hd5   150000   180000      0
comap-0008474-2019-10-19-193319.hd5   60000   90000      0
comap-0008057-2019-10-01-135150.hd5   60000   90000      0
comap-0007343-2019-08-07-220019.hd5   120000   150000      1
comap-0007966-2019-09-27-151224.hd5   30000   60000      0
comap-0006901-2019-07-15-154506.hd5   30000   60000      0
comap-0008356-2019-10-14-185407.hd5   30000   60000      0
comap-0008308-2019-10-12-221015.hd5   30000   60000      0
comap-0008287-2019-10-12-002258.hd5   120000   150000      0
comap-0006565-2019-06-18-012552.hd5   60000   90000      1
comap-0008501-2019-10-20-213806.hd5   90000   120000      0
comap-0006802-2019-07-09-021814.hd5   0   30000      0
comap-0008816-2019-11-03-042930.hd5   120000   150000      0
comap-0008120-2019-10-04-133951.hd5   60000   90000      0
comap-0008413-2019-10-17-091918.hd5   30000   60000      1
comap-0008307-2019-10-12-210537.hd5   60000   90000      0
comap-0008072-2019-10-02-053113.hd5   120000   150000      0
comap-0007054-2019-07-24-235322.hd5   0   30000      1
comap-0008522-2019-10-21-170618.hd5   120000   150000      0
comap-0006294-2019-06-04-020646.hd5   90000   120000      1
comap-0008288-2019-10-12-012729.hd5   150000   180000      0
comap-0007012-2019-07-23-015049.hd5   120000   150000      1
comap-0007626-2019-09-11-091951.hd5   150000   180000      0
comap-0008081-2019-10-02-145217.hd5   90000   120000      0
comap-0008494-2019-10-20-134735.hd5   30000   60000      0
comap-0006359-2019-06-09-050855.hd5   90000   120000      0
comap-0007368-2019-08-09-041820.hd5   120000   150000      1
comap-0008494-2019-10-20-134735.hd5   0   30000      0
comap-0008079-2019-10-02-124234.hd5   150000   180000      0
comap-0008128-2019-10-04-222904.hd5   60000   90000      0
comap-0008493-2019-10-20-123915.hd5   60000   90000      0
comap-0006800-2019-07-08-232544.hd5   30000   60000      0
comap-0008479-2019-10-19-234146.hd5   150000   180000      1
comap-0009217-2019-11-14-202224.hd5   150000   180000      1
comap-0007540-2019-09-03-203304.hd5   30000   60000      0
comap-0007065-2019-07-25-111208.hd5   0   30000      0
comap-0008059-2019-10-01-160355.hd5   90000   120000      0
comap-0007013-2019-07-23-030040.hd5   30000   60000      0
comap-0008816-2019-11-03-042930.hd5   90000   120000      0
comap-0008132-2019-10-05-014107.hd5   90000   120000      0
comap-0008782-2019-11-01-184134.hd5   90000   120000      0
comap-0008936-2019-11-08-123205.hd5   30000   60000      0
comap-0008240-2019-10-09-210540.hd5   120000   150000      0
comap-0006313-2019-06-06-011205.hd5   0   30000      0
comap-0007966-2019-09-27-151224.hd5   150000   180000      0
comap-0007706-2019-09-14-202813.hd5   60000   90000      0
comap-0008308-2019-10-12-221015.hd5   120000   150000      0
comap-0006901-2019-07-15-154506.hd5   0   30000      0
comap-0007602-2019-09-10-065744.hd5   0   30000      0
comap-0006900-2019-07-15-143537.hd5   0   30000      0
comap-0008379-2019-10-15-172940.hd5   0   30000      0
comap-0008493-2019-10-20-123915.hd5   120000   150000      0
comap-0008819-2019-11-03-080533.hd5   150000   180000      0
comap-0008462-2019-10-19-070408.hd5   120000   150000      0
comap-0008368-2019-10-15-055435.hd5   150000   180000      0
comap-0007540-2019-09-03-203304.hd5   60000   90000      0
comap-0008506-2019-10-21-014807.hd5   150000   180000      0
comap-0008240-2019-10-09-210540.hd5   0   30000      0
comap-0008072-2019-10-02-053113.hd5   150000   180000      0
comap-0008946-2019-11-08-223434.hd5   30000   60000      0
comap-0008409-2019-10-17-044747.hd5   30000   60000      1
comap-0008405-2019-10-17-020457.hd5   120000   150000      1
comap-0007966-2019-09-27-151224.hd5   60000   90000      0
comap-0008198-2019-10-07-211322.hd5   90000   120000      1
comap-0008823-2019-11-03-114359.hd5   90000   120000      0
comap-0007055-2019-07-25-010004.hd5   60000   90000      0
comap-0007878-2019-09-23-214233.hd5   90000   120000      1
comap-0007008-2019-07-22-212741.hd5   60000   90000      0
comap-0008104-2019-10-03-212636.hd5   30000   60000      0
comap-0007602-2019-09-10-065744.hd5   120000   150000      0
comap-0008346-2019-10-14-082415.hd5   120000   150000      0
comap-0008068-2019-10-02-004709.hd5   90000   120000       0
comap-0009200-2019-11-14-052828.hd5   60000   90000      1
comap-0008185-2019-10-07-085230.hd5   0   30000      1
comap-0008210-2019-10-08-095538.hd5   0   30000      0
comap-0006486-2019-06-14-124341.hd5   60000   90000      0
comap-0007580-2019-09-07-070933.hd5   90000   120000    0
comap-0006402-2019-06-11-011933.hd5   90000   120000      0
comap-0008816-2019-11-03-042930.hd5   0   30000      0
comap-0007004-2019-07-20-113150.hd5   150000   180000      0
comap-0008072-2019-10-02-053113.hd5   0   30000      0
comap-0009236-2019-11-15-153009.hd5   150000   180000      1
comap-0007540-2019-09-03-203304.hd5   120000   150000      0
comap-0008479-2019-10-19-234146.hd5   60000   90000      1
comap-0007008-2019-07-22-212741.hd5   150000   180000      1
comap-0006851-2019-07-12-154623.hd5   120000   150000      0
comap-0006512-2019-06-15-161320.hd5   0   30000      0
comap-0006826-2019-07-11-083128.hd5   150000   180000      0
comap-0007368-2019-08-09-041820.hd5   150000   180000      1
comap-0008960-2019-11-09-133622.hd5   90000   120000      0
comap-0007878-2019-09-23-214233.hd5   0   30000      0
comap-0006826-2019-07-11-083128.hd5   30000   60000      0
comap-0008281-2019-10-11-131509.hd5   30000   60000      0
comap-0008226-2019-10-09-012833.hd5   120000   150000      0
comap-0008079-2019-10-02-124234.hd5   60000   90000      0
comap-0006486-2019-06-14-124341.hd5   90000   120000      0
comap-0008946-2019-11-08-223434.hd5   60000   90000      0
comap-0006514-2019-06-15-181809.hd5   90000   120000      0
comap-0008202-2019-10-08-002419.hd5   0   30000      0
comap-0007796-2019-09-20-154011.hd5   30000   60000      0
comap-0007159-2019-07-31-170643.hd5   150000   180000      0
comap-0006409-2019-06-11-092113.hd5   60000   90000      0
comap-0008424-2019-10-17-204256.hd5   150000   180000      0
comap-0008069-2019-10-02-015554.hd5   0   30000      0
comap-0008051-2019-10-01-064057.hd5   150000   180000      0
comap-0008326-2019-10-13-130645.hd5   120000   150000      0
comap-0008914-2019-11-07-134407.hd5   60000   90000      0
comap-0008326-2019-10-13-130645.hd5   150000   180000      0
comap-0008312-2019-10-13-011517.hd5   120000   150000      0
comap-0008866-2019-11-05-170318.hd5   0   30000      0
comap-0008240-2019-10-09-210540.hd5   90000   120000      0
comap-0007159-2019-07-31-170643.hd5   30000   60000      0
comap-0007364-2019-08-08-235715.hd5   150000   180000      1
comap-0007065-2019-07-25-111208.hd5   60000   90000      0
comap-0008068-2019-10-02-004709.hd5   0   30000      0
comap-0008121-2019-10-04-144440.hd5   30000   60000      0
comap-0008326-2019-10-13-130645.hd5   60000   90000      0
comap-0008424-2019-10-17-204256.hd5   120000   150000      0
comap-0008087-2019-10-03-021026.hd5   60000   90000      0
comap-0006991-2019-07-19-205723.hd5   90000   120000      0
comap-0009200-2019-11-14-052828.hd5   90000   120000      0
comap-0008769-2019-11-01-062544.hd5   120000   150000      0
comap-0006479-2019-06-14-055204.hd5   30000   60000      0
comap-0006952-2019-07-18-023903.hd5   120000   150000      0
comap-0007114-2019-07-29-134411.hd5   60000   90000      0
comap-0007065-2019-07-25-111208.hd5   90000   120000      0
comap-0008198-2019-10-07-211322.hd5   120000   150000      1
comap-0007906-2019-09-25-055844.hd5   150000   180000      0
comap-0008398-2019-10-16-125544.hd5   120000   150000      0
comap-0008827-2019-11-03-161401.hd5   90000   120000      0
comap-0008413-2019-10-17-091918.hd5   150000   180000      1
comap-0008304-2019-10-12-174358.hd5   60000   90000      0
comap-0007730-2019-09-17-180227.hd5   150000   180000      0
comap-0008050-2019-10-01-053506.hd5   90000   120000      0
comap-0008367-2019-10-15-045234.hd5   90000   120000      0
comap-0008448-2019-10-18-182624.hd5   0   30000        0
comap-0007055-2019-07-25-010004.hd5   90000   120000      0
comap-0008884-2019-11-06-102452.hd5   60000   90000      0
comap-0006565-2019-06-18-012552.hd5   30000   60000      1
comap-0007006-2019-07-22-191625.hd5   90000   120000      0
comap-0008960-2019-11-09-133622.hd5   120000   150000      0
comap-0006293-2019-06-04-010340.hd5   60000   90000      1
comap-0007906-2019-09-25-055844.hd5   30000   60000      0
comap-0008258-2019-10-10-152617.hd5   120000   150000      0
comap-0008226-2019-10-09-012833.hd5   0   30000      0
comap-0008403-2019-10-16-235302.hd5   120000   150000      1
comap-0008420-2019-10-17-161402.hd5   150000   180000      0
comap-0008202-2019-10-08-002419.hd5   90000   120000      0
comap-0007086-2019-07-28-054733.hd5   150000   180000      0
comap-0009216-2019-11-14-191734.hd5   0   30000      1
comap-0006320-2019-06-06-092846.hd5   120000   150000      0
comap-0008884-2019-11-06-102452.hd5   90000   120000      0
comap-0008480-2019-10-20-004717.hd5   0   30000      1
comap-0007345-2019-08-08-001137.hd5   60000   90000      1
comap-0008448-2019-10-18-182624.hd5   30000   60000      0
comap-0008367-2019-10-15-045234.hd5   150000   180000      0
comap-0008429-2019-10-18-005415.hd5   0   30000      1
comap-0007159-2019-07-31-170643.hd5   60000   90000      0
comap-0008104-2019-10-03-212636.hd5   90000   120000      0
comap-0009216-2019-11-14-191734.hd5   120000   150000      1
comap-0008405-2019-10-17-020457.hd5   0   30000      1
comap-0008424-2019-10-17-204256.hd5   0   30000      0
comap-0006409-2019-06-11-092113.hd5   0   30000      0
comap-0007981-2019-09-28-034910.hd5   60000   90000      0
comap-0008410-2019-10-17-054940.hd5   90000   120000      1
comap-0008936-2019-11-08-123205.hd5   150000   180000      0
comap-0008479-2019-10-19-234146.hd5   30000   60000      0
comap-0009236-2019-11-15-153009.hd5   90000   120000      0
comap-0006826-2019-07-11-083128.hd5   0   30000      0
comap-0008410-2019-10-17-054940.hd5   30000   60000      0
comap-0007981-2019-09-28-034910.hd5   30000   60000      0
comap-0007730-2019-09-17-180227.hd5   90000   120000      0
comap-0008079-2019-10-02-124234.hd5   30000   60000      0
comap-0008294-2019-10-12-073531.hd5   30000   60000      0
comap-0007626-2019-09-11-091951.hd5   90000   120000      0
comap-0008382-2019-10-15-205113.hd5   90000   120000      0
comap-0008109-2019-10-04-014846.hd5   30000   60000      0
comap-0007117-2019-07-29-170123.hd5   90000   120000      0
comap-0008403-2019-10-16-235302.hd5   60000   90000      1
comap-0008493-2019-10-20-123915.hd5   30000   60000      0
comap-0008183-2019-10-07-061721.hd5   150000   180000      0
comap-0006910-2019-07-16-013742.hd5   150000   180000      0
comap-0008307-2019-10-12-210537.hd5   120000   150000      0
comap-0008346-2019-10-14-082415.hd5   0   30000      0
comap-0008268-2019-10-11-012738.hd5   30000   60000      0
comap-0008087-2019-10-03-021026.hd5   120000   150000      0
comap-0007602-2019-09-10-065744.hd5   60000   90000      0
comap-0007694-2019-09-14-075030.hd5   90000   120000      0
comap-0008281-2019-10-11-131509.hd5   150000   180000      0
comap-0006512-2019-06-15-161320.hd5   30000   60000      0
comap-0006800-2019-07-08-232544.hd5   90000   120000      0
comap-0008416-2019-10-17-114332.hd5   90000   120000      0
comap-0009387-2019-11-19-225242.hd5   150000   180000      1
comap-0008480-2019-10-20-004717.hd5   60000   90000      0
comap-0008294-2019-10-12-073531.hd5   120000   150000      0
comap-0008197-2019-10-07-200436.hd5   0   30000      0
comap-0006901-2019-07-15-154506.hd5   150000   180000      0
comap-0007159-2019-07-31-170643.hd5   90000   120000      0
comap-0008404-2019-10-17-010002.hd5   90000   120000      0
comap-0007009-2019-07-22-223305.hd5   30000   60000      1
comap-0007004-2019-07-20-113150.hd5   120000   150000      0
comap-0008547-2019-10-22-155432.hd5   150000   180000      0
comap-0007906-2019-09-25-055844.hd5   0   30000      0
comap-0008072-2019-10-02-053113.hd5   90000   120000      0
comap-0008087-2019-10-03-021026.hd5   30000   60000      0
comap-0006455-2019-06-13-081140.hd5   30000   60000      0
comap-0008782-2019-11-01-184134.hd5   150000   180000      0
comap-0008128-2019-10-04-222904.hd5   30000   60000      0
comap-0008914-2019-11-07-134407.hd5   0   30000      0
comap-0008383-2019-10-15-215628.hd5   30000   60000      0
comap-0008367-2019-10-15-045234.hd5   120000   150000      0
comap-0008281-2019-10-11-131509.hd5   120000   150000      0
comap-0008231-2019-10-09-073852.hd5   150000   180000      0
comap-0008132-2019-10-05-014107.hd5   30000   60000      0
comap-0008810-2019-11-02-234916.hd5   60000   90000      0
comap-0008114-2019-10-04-075627.hd5   90000   120000      0
comap-0006800-2019-07-08-232544.hd5   0   30000      0
comap-0008420-2019-10-17-161402.hd5   90000   120000      0
comap-0006286-2019-06-01-005621.hd5   90000   120000      0
comap-0006802-2019-07-09-021814.hd5   30000   60000      0
comap-0008506-2019-10-21-014807.hd5   90000   120000      0
comap-0008475-2019-10-19-203810.hd5   0   30000      0
comap-0006359-2019-06-09-050855.hd5   60000   90000      0
comap-0006563-2019-06-17-232117.hd5   30000   60000      1
comap-0007117-2019-07-29-170123.hd5   30000   60000      0
comap-0007006-2019-07-22-191625.hd5   120000   150000      0
comap-0007602-2019-09-10-065744.hd5   30000   60000      0
comap-0008103-2019-10-03-201659.hd5   120000   150000      0
comap-0006299-2019-06-04-062130.hd5   120000   150000      1
comap-0008547-2019-10-22-155432.hd5   120000   150000      0
comap-0007365-2019-08-09-010559.hd5   60000   90000      1
comap-0007706-2019-09-14-202813.hd5   0   30000      0
comap-0008474-2019-10-19-193319.hd5   0   30000      0
comap-0006452-2019-06-13-045151.hd5   0   30000      0
comap-0006257-2019-05-30-195732.hd5   60000   90000      0
comap-0007706-2019-09-14-202813.hd5   30000   60000      0
comap-0008059-2019-10-01-160355.hd5   150000   180000      0
comap-0007086-2019-07-28-054733.hd5   0   30000      0
comap-0008413-2019-10-17-091918.hd5   90000   120000      1
comap-0008448-2019-10-18-182624.hd5   150000   180000      0
comap-0008072-2019-10-02-053113.hd5   30000   60000      0
comap-0006565-2019-06-18-012552.hd5   150000   180000      1
comap-0007580-2019-09-07-070933.hd5   30000   60000       0
comap-0006359-2019-06-09-050855.hd5   120000   150000      0
comap-0009409-2019-11-20-203922.hd5   120000   150000      1
comap-0006455-2019-06-13-081140.hd5   60000   90000      0
comap-0006991-2019-07-19-205723.hd5   150000   180000      0
comap-0006263-2019-05-31-011427.hd5   30000   60000      0
comap-0008946-2019-11-08-223434.hd5   120000   150000      0
comap-0008479-2019-10-19-234146.hd5   90000   120000      1
comap-0008506-2019-10-21-014807.hd5   0   30000      0
comap-0009216-2019-11-14-191734.hd5   30000   60000      1
comap-0008007-2019-09-29-085806.hd5   60000   90000      0
comap-0007694-2019-09-14-075030.hd5   60000   90000      0
comap-0006452-2019-06-13-045151.hd5   30000   60000      0
comap-0008197-2019-10-07-200436.hd5   60000   90000      0
comap-0008403-2019-10-16-235302.hd5   90000   120000      1
comap-0008294-2019-10-12-073531.hd5   90000   120000      0
comap-0006486-2019-06-14-124341.hd5   120000   150000      0
comap-0008866-2019-11-05-170318.hd5   90000   120000      0
comap-0009236-2019-11-15-153009.hd5   60000   90000      0
comap-0009197-2019-11-14-024211.hd5   150000   180000      1
comap-0008069-2019-10-02-015554.hd5   60000   90000      0
comap-0006563-2019-06-17-232117.hd5   90000   120000      0
comap-0008007-2019-09-29-085806.hd5   30000   60000      0
comap-0008104-2019-10-03-212636.hd5   120000   150000      0
comap-0008367-2019-10-15-045234.hd5   0   30000      0
comap-0006455-2019-06-13-081140.hd5   90000   120000      0
comap-0006293-2019-06-04-010340.hd5   0   30000      1
comap-0008519-2019-10-21-134315.hd5   150000   180000      0
comap-0007159-2019-07-31-170643.hd5   0   30000      0
comap-0007580-2019-09-07-070933.hd5   120000   150000      0
comap-0008986-2019-11-10-165457.hd5   150000   180000      0
comap-0007364-2019-08-08-235715.hd5   120000   150000      1
comap-0008304-2019-10-12-174358.hd5   150000   180000      0
comap-0008258-2019-10-10-152617.hd5   30000   60000      0
comap-0007011-2019-07-23-004411.hd5   0   30000      0
comap-0006512-2019-06-15-161320.hd5   120000   150000      0
comap-0006940-2019-07-17-131829.hd5   90000   120000      0
comap-0008494-2019-10-20-134735.hd5   150000   180000      0
comap-0008547-2019-10-22-155432.hd5   90000   120000      0
comap-0007626-2019-09-11-091951.hd5   120000   150000      0
comap-0008382-2019-10-15-205113.hd5   150000   180000      0
comap-0008420-2019-10-17-161402.hd5   0   30000      0
comap-0006854-2019-07-12-204807.hd5   150000   180000      0
comap-0007345-2019-08-08-001137.hd5   90000   120000      1
comap-0006910-2019-07-16-013742.hd5   0   30000      0
comap-0006512-2019-06-15-161320.hd5   60000   90000      0
comap-0008398-2019-10-16-125544.hd5   30000   60000      0
comap-0007086-2019-07-28-054733.hd5   60000   90000      0
comap-0006564-2019-06-18-002334.hd5   30000   60000      1
comap-0007880-2019-09-24-000059.hd5   150000   180000      1
comap-0008057-2019-10-01-135150.hd5   150000   180000      0
comap-0009216-2019-11-14-191734.hd5   150000   180000      1
comap-0008104-2019-10-03-212636.hd5   60000   90000      0
comap-0007004-2019-07-20-113150.hd5   0   30000      0
comap-0008405-2019-10-17-020457.hd5   90000   120000      1
comap-0008231-2019-10-09-073852.hd5   120000   150000      0
comap-0008936-2019-11-08-123205.hd5   0   30000      0
comap-0007009-2019-07-22-223305.hd5   120000   150000      1
comap-0006653-2019-06-27-000128.hd5   0   30000      0
comap-0008771-2019-11-01-083159.hd5   0   30000      0
comap-0008936-2019-11-08-123205.hd5   90000   120000      0
comap-0007327-2019-08-07-053715.hd5   120000   150000      1
