24.13   1.71   879.11   0.23   0.00   0.00   1.40   144.28
25.62   4.79   877.78   0.26   0.00   0.00   5.66   317.21
32.48   1.24   874.97   0.14   0.01   0.00   5.03   147.84
31.20   3.97   877.49   0.18   0.00   0.00   6.80   193.06
30.13   3.83   878.38   0.19   0.00   0.00   3.26   144.10
30.17   3.11   877.20   0.18   0.00   0.00   4.85   113.11
31.86   1.84   874.72   0.15   0.00   0.00   2.70   192.56
9.89   0.40   879.22   0.52   0.00   0.00   4.25   151.04
17.77   -3.93   874.42   0.23   0.03   0.00   9.38   173.46
9.50   0.37   878.61   0.53   0.00   0.00   4.35   161.16
9.99   -5.20   866.42   0.34   0.00   0.00   11.64   292.01
25.86   -3.32   874.45   0.14   0.03   0.00   5.73   177.37
6.68   -3.38   874.96   0.49   0.30   0.00   6.93   296.78
16.74   -3.92   869.95   0.24   0.00   0.00   8.97   304.19
14.24   -3.06   871.69   0.30   0.00   0.00   7.09   114.38
22.16   -1.44   866.72   0.21   0.00   0.00   3.44   196.22
20.19   0.06   868.37   0.26   0.00   0.00   6.26   180.60
8.56   0.47   873.69   0.57   0.30   0.00   7.84   257.10
17.34   -1.47   872.79   0.28   0.00   0.00   1.54   222.23
18.55   4.45   867.52   0.39   0.03   0.00   7.29   166.56
15.67   1.55   872.61   0.39   0.00   0.00   7.86   172.12
22.44   -1.42   867.02   0.20   0.00   0.00   4.85   216.96
14.74   1.89   873.25   0.42   0.00   0.00   6.13   155.69
5.87   -3.20   874.13   0.52   0.30   0.00   6.30   316.60
22.72   1.16   866.24   0.24   0.97   0.00   5.22   163.93
26.33   0.49   876.47   0.19   0.00   0.00   6.16   281.60
8.06   -0.48   873.66   0.55   0.30   0.00   9.04   228.31
17.06   5.01   868.24   0.45   0.03   0.00   5.44   140.54
16.65   4.81   869.28   0.46   0.03   0.00   5.38   142.66
22.15   1.49   867.42   0.26   0.97   0.00   5.85   153.29
21.73   -2.11   880.14   0.20   0.05   0.00   1.36   110.44
15.98   -2.10   870.60   0.29   0.00   0.00   9.47   208.16
25.06   0.46   876.77   0.20   0.00   0.00   7.75   325.70
17.73   -1.99   871.44   0.26   0.00   0.00   4.23   178.46
28.78   3.80   875.13   0.20   0.00   0.00   7.24   81.45
31.00   2.33   874.69   0.17   0.04   0.00   4.68   198.47
18.53   4.73   875.90   0.40   0.00   0.00   7.40   332.00
22.98   4.82   877.69   0.31   0.03   0.00   3.13   167.84
24.19   4.27   877.21   0.28   0.03   0.00   3.89   144.14
27.93   2.22   875.41   0.19   0.29   0.00   4.04   174.81
26.41   3.83   876.00   0.23   0.00   0.00   2.65   141.29
25.46   5.95   876.62   0.31   0.45   0.00   8.00   89.80
19.68   5.90   877.75   0.41   0.03   0.00   2.23   232.40
26.84   3.87   875.51   0.23   0.00   0.00   3.53   124.57
26.05   -0.82   873.28   0.17   0.00   0.00   4.89   174.25
24.71   0.17   872.56   0.20   0.00   0.00   4.72   239.69
13.67   -2.93   876.33   0.32   0.00   0.00   3.78   48.01
31.60   9.30   880.18   0.25   0.01   0.00   3.45   233.56
36.80   0.31   878.27   0.10   0.23   0.00   5.56   197.21
32.37   5.23   879.35   0.18   0.00   0.00   4.27   153.29
35.63   2.28   878.09   0.12   0.23   0.00   5.13   214.87
32.87   5.31   878.73   0.18   0.00   0.00   9.25   149.26
31.75   4.43   879.52   0.18   0.00   0.00   3.02   130.76
17.25   -6.09   874.01   0.20   0.00   0.00   3.61   134.68
21.42   -7.95   874.37   0.13   0.01   0.00   3.90   168.88
18.95   -4.92   869.26   0.20   0.00   0.00   12.06   239.30
23.51   -3.59   875.03   0.16   0.00   0.00   4.76   166.02
23.23   -8.62   867.38   0.11   0.00   0.00   12.33   106.02
18.96   -5.53   874.70   0.19   0.00   0.00   3.33   135.65
4.68   -13.12   876.42   0.26   0.00   0.00   1.61   232.03
20.06   -4.34   874.83   0.19   0.00   0.00   3.64   145.72
19.91   -8.33   874.49   0.14   0.00   0.00   3.24   129.12
7.67   -5.56   883.38   0.39   0.00   0.00   2.07   175.91
15.72   -5.15   872.68   0.23   0.00   0.00   9.70   290.57
19.80   -5.18   874.65   0.18   0.00   0.00   3.12   126.93
9.15   -6.34   872.07   0.33   0.00   0.00   2.32   189.80
22.01   -3.57   877.03   0.18   0.00   0.00   2.49   154.95
26.61   -2.37   879.11   0.15   0.00   0.00   3.02   256.14
23.36   8.06   881.52   0.38   0.00   0.00   5.00   289.95
26.24   -3.55   879.05   0.14   0.00   0.00   2.96   201.24
