25.74   -1.51   885.38   0.17   0.03   0.00   3.11   272.09
12.99   4.42   879.28   0.56   0.03   0.00   2.20   227.23
11.29   -6.39   886.72   0.29   0.00   0.00   2.75   87.64
12.08   -6.71   885.01   0.26   0.00   0.00   3.70   196.99
22.38   -0.21   885.85   0.22   0.03   0.00   3.67   225.52
18.98   5.96   876.32   0.43   0.00   0.00   3.11   273.18
34.52   -1.13   877.08   0.10   0.00   0.00   4.66   198.18
29.27   5.37   877.19   0.22   0.03   0.00   2.40   236.94
33.08   0.76   879.10   0.13   0.00   0.00   4.94   180.88
20.56   3.69   875.64   0.33   0.00   0.00   2.02   39.50
18.87   5.41   877.07   0.41   0.00   0.00   1.44   216.49
17.05   4.97   876.17   0.45   0.00   0.00   0.65   232.60
12.11   6.85   880.42   0.70   1.52   0.00   1.18   287.54
25.50   -0.10   872.18   0.19   0.00   0.00   5.03   330.33
33.08   1.99   875.31   0.14   0.03   0.00   3.29   156.90
31.33   4.08   876.63   0.18   0.03   0.00   2.36   186.79
13.49   0.03   884.86   0.40   0.00   0.00   1.54   28.43
28.59   -3.38   872.00   0.12   0.00   0.00   1.93   257.45
24.31   -5.76   877.41   0.13   0.05   0.00   1.33   171.89
17.75   -6.56   884.16   0.19   0.00   0.00   4.49   292.95
19.41   4.99   876.79   0.39   0.00   0.00   1.72   164.71
30.31   -5.69   873.34   0.09   0.00   0.00   4.71   243.53
16.74   5.68   876.81   0.48   0.00   0.00   1.85   236.37
30.00   -4.47   881.98   0.10   0.00   0.00   3.83   96.46
16.88   7.12   876.40   0.53   0.00   0.00   2.10   157.93
31.61   1.99   880.15   0.15   0.00   0.00   3.97   166.92
15.51   0.91   885.63   0.37   0.00   0.00   1.39   211.22
27.14   -3.57   882.59   0.13   0.00   0.00   4.42   167.23
33.65   -3.56   881.79   0.09   0.00   0.00   4.77   180.81
17.06   6.24   876.28   0.49   0.00   0.00   2.92   160.26
30.94   0.97   875.42   0.15   0.00   0.00   2.77   227.24
31.40   5.07   875.42   0.19   0.00   0.00   6.07   144.08
23.40   6.03   882.08   0.33   0.00   0.00   2.78   312.12
27.55   -2.01   872.00   0.14   0.66   0.00   2.12   170.01
30.27   2.63   880.90   0.17   0.00   0.00   1.81   181.96
17.56   -0.45   884.18   0.30   0.00   0.00   4.38   193.50
24.94   5.30   876.42   0.29   0.00   0.00   3.72   294.26
14.83   -0.13   884.22   0.36   0.00   0.00   1.96   237.66
23.92   5.76   878.09   0.31   0.03   0.00   3.49   222.24
26.96   3.34   874.76   0.22   0.00   0.00   7.56   294.30
17.43   6.16   876.40   0.48   0.00   0.00   3.72   192.55
32.83   3.35   875.38   0.16   0.00   0.00   2.49   216.77
34.62   -1.59   877.69   0.10   0.00   0.00   5.24   191.27
21.25   7.68   879.11   0.42   1.52   0.00   4.02   164.79
9.97   -6.39   885.20   0.31   0.00   0.00   3.96   307.30
22.65   4.94   876.74   0.32   0.00   0.00   2.34   162.07
15.68   5.22   878.09   0.50   0.03   0.00   1.85   158.85
12.38   -0.09   885.54   0.42   0.00   0.00   1.16   138.70
22.15   5.12   876.90   0.33   0.00   0.00   3.46   310.38
22.36   6.50   876.12   0.36   0.00   0.00   5.32   296.07
15.94   8.96   879.40   0.63   1.52   0.00   3.46   105.87
28.43   4.07   876.07   0.21   0.00   0.00   2.95   230.35
33.01   -4.26   882.47   0.09   0.00   0.00   5.48   184.01
14.95   7.08   876.42   0.59   0.00   0.00   1.37   241.87
28.29   -3.15   872.00   0.13   0.00   0.00   2.23   273.92
14.17   8.79   879.45   0.70   1.52   0.00   1.84   208.10
19.79   6.45   877.09   0.42   0.00   0.00   5.21   151.57
19.31   3.68   875.38   0.36   0.00   0.00   3.04   103.31
18.01   5.98   876.40   0.45   0.00   0.00   4.36   90.30
16.89   5.91   877.09   0.48   0.00   0.00   1.97   223.56
21.63   5.03   877.08   0.34   0.00   0.00   1.80   164.13
30.55   3.23   875.42   0.18   0.00   0.00   7.32   38.92
23.64   -4.26   880.72   0.15   0.00   0.00   4.51   291.46
29.29   3.18   876.14   0.19   0.00   0.00   3.48   127.30
13.35   7.33   880.93   0.67   1.52   0.00   1.51   133.06
32.46   2.34   876.03   0.15   0.03   0.00   3.64   157.86
25.74   -2.41   883.34   0.16   0.00   0.00   4.57   169.45
16.61   3.91   875.38   0.43   0.00   0.00   1.44   310.49
33.47   1.96   874.62   0.14   0.03   0.00   4.44   148.28
20.75   5.82   876.40   0.38   0.00   0.00   4.34   247.68
16.67   -6.68   884.42   0.20   0.00   0.00   5.09   315.64
22.69   3.91   879.94   0.30   0.13   0.00   1.78   111.50
12.63   7.47   879.98   0.71   1.52   0.00   1.79   251.52
13.67   7.91   879.55   0.68   1.52   0.00   1.97   83.85
24.96   5.51   877.08   0.29   0.00   0.00   4.79   285.10
19.84   -5.93   883.22   0.17   0.00   0.00   5.02   310.90
28.93   1.12   870.79   0.17   0.00   0.00   3.15   191.40
18.35   8.92   879.35   0.55   1.52   0.00   2.55   221.49
22.13   7.85   878.80   0.40   1.52   0.00   5.22   120.35
30.57   -6.08   873.51   0.09   0.03   0.00   4.28   218.40
26.36   -5.36   877.23   0.12   0.05   0.00   4.29   167.44
31.40   -3.69   881.58   0.10   0.00   0.00   2.61   185.52
17.57   7.06   876.40   0.50   0.00   0.00   1.93   164.65
26.93   6.49   877.75   0.27   0.03   0.00   3.36   305.75
30.39   4.03   875.38   0.19   0.00   0.00   1.69   151.22
15.36   4.01   876.05   0.47   0.00   0.00   1.32   166.99
29.63   1.01   873.78   0.16   0.00   0.00   2.22   281.55
21.99   -0.60   872.84   0.22   0.00   0.00   7.22   330.66
23.64   -2.73   883.68   0.17   0.00   0.00   4.45   170.31
11.57   -6.40   884.86   0.28   0.00   0.00   4.55   283.37
12.30   -6.31   884.86   0.27   0.00   0.00   3.93   342.47
28.97   4.74   880.25   0.22   1.52   0.00   4.66   283.34
21.62   4.91   876.74   0.34   0.00   0.00   2.40   75.43
20.08   4.17   875.87   0.35   0.00   0.00   3.10   243.55
18.41   5.53   880.15   0.43   0.03   0.00   2.39   178.26
34.46   -0.08   876.28   0.11   0.00   0.00   4.87   185.44
27.19   4.36   881.61   0.24   0.00   0.00   1.67   272.52
14.19   4.62   878.91   0.53   0.03   0.00   1.36   227.16
19.85   6.86   877.41   0.43   0.00   0.00   2.81   298.75
26.04   -2.38   872.85   0.15   0.66   0.00   1.45   170.95
16.49   5.67   876.96   0.49   0.00   0.00   1.10   212.57
19.80   -2.83   874.10   0.22   0.00   0.00   9.66   332.71
26.39   -2.42   872.27   0.15   0.66   0.00   2.78   148.61
27.73   -2.83   885.07   0.13   0.03   0.00   2.15   258.91
13.97   7.29   876.66   0.64   0.02   0.00   1.46   213.72
26.86   4.82   876.26   0.25   0.00   0.00   3.76   260.40
25.47   5.21   876.48   0.27   0.00   0.00   4.38   61.63
17.95   6.92   876.40   0.49   0.00   0.00   1.78   201.75
22.33   6.79   877.14   0.37   0.00   0.00   4.90   321.58
17.39   6.09   876.69   0.47   0.00   0.00   4.86   15.72
13.42   4.70   878.40   0.56   0.03   0.00   1.25   189.17
13.78   7.56   879.78   0.66   1.52   0.00   1.49   226.36
27.59   3.16   879.71   0.21   0.13   0.00   1.92   281.59
27.10   0.51   871.73   0.18   0.01   0.00   3.03   145.77
25.79   -0.54   872.22   0.18   0.00   0.00   6.26   186.44
6.36   -2.10   876.40   0.55   0.00   0.00   1.17   105.00
24.25   -0.76   875.08   0.19   0.00   0.00   7.10   173.76
10.10   -2.91   876.52   0.40   0.00   0.00   3.23   87.66
10.81   -3.11   876.93   0.38   0.00   0.00   3.51   112.32
9.53   -2.82   876.47   0.42   0.00   0.00   1.87   155.35
7.49   -2.49   876.53   0.49   0.00   0.00   1.52   78.32
26.09   -0.19   872.58   0.18   0.00   0.00   7.17   170.27
13.18   -3.53   876.93   0.31   0.00   0.00   4.40   21.04
12.95   -1.08   876.49   0.38   0.00   0.00   1.87   134.15
12.21   -3.41   877.08   0.34   0.00   0.00   4.50   274.79
6.37   -2.06   876.35   0.55   0.00   0.00   1.51   159.16
26.25   -0.41   872.75   0.18   0.00   0.00   7.05   167.45
24.82   -1.71   874.58   0.17   0.00   0.00   5.52   159.06
9.61   -1.34   876.67   0.46   0.00   0.00   2.93   233.07
6.22   -1.77   876.51   0.57   0.00   0.00   1.72   335.26
19.29   1.47   881.01   0.31   0.00   0.00   3.06   274.79
30.17   1.67   881.72   0.16   0.00   0.00   1.63   140.78
34.76   7.70   880.39   0.19   0.05   0.00   4.07   230.68
16.21   1.39   881.48   0.37   0.00   0.00   2.36   65.80
31.74   8.91   879.91   0.25   0.00   0.00   1.62   235.16
27.92   6.87   878.27   0.27   0.00   0.00   5.39   153.09
15.25   5.27   876.35   0.52   0.00   0.00   1.09   115.32
24.58   9.99   883.65   0.40   0.05   0.00   4.07   325.93
31.36   -1.06   880.62   0.12   0.00   0.00   1.64   191.13
30.75   8.55   882.78   0.25   0.05   0.00   3.64   240.26
32.14   1.45   878.42   0.14   0.00   0.00   2.24   184.81
28.19   6.29   876.40   0.25   0.00   0.00   4.14   135.78
33.07   5.03   880.46   0.18   0.00   0.00   1.87   197.77
26.64   1.94   875.57   0.20   0.00   0.00   3.90   140.95
22.53   4.64   877.29   0.31   0.05   0.00   1.47   263.27
25.07   4.01   879.70   0.26   0.00   0.00   2.40   111.31
34.09   1.79   878.51   0.13   0.00   0.00   8.16   172.45
26.49   9.94   880.85   0.35   0.00   0.00   2.17   138.62
22.30   6.68   880.90   0.37   0.00   0.00   1.56   228.44
37.03   -6.92   875.83   0.06   0.00   0.00   4.73   224.25
29.06   3.36   878.74   0.20   0.00   0.00   3.92   146.49
29.10   5.58   880.99   0.23   0.00   0.00   1.68   183.69
15.32   2.33   879.28   0.42   0.00   0.00   1.87   170.25
26.53   4.60   875.30   0.25   0.00   0.00   4.51   145.17
27.94   2.12   879.11   0.19   0.00   0.00   1.96   289.93
24.90   2.47   876.87   0.23   0.00   0.00   4.04   130.74
28.05   4.42   876.49   0.22   0.00   0.00   1.71   173.29
14.69   4.18   878.19   0.49   0.00   0.00   1.41   119.25
31.59   2.20   878.87   0.16   0.00   0.00   5.83   169.55
25.48   6.68   877.41   0.30   0.00   0.00   5.34   148.56
35.41   -4.14   877.27   0.08   0.00   0.00   1.98   196.54
34.75   1.17   878.70   0.12   0.00   0.00   8.39   169.48
34.90   -3.05   877.32   0.09   0.00   0.00   7.83   175.13
35.53   3.02   880.44   0.13   0.00   0.00   2.13   297.44
35.35   -2.08   875.04   0.09   0.00   0.00   1.59   287.37
17.93   5.64   876.11   0.45   0.05   0.00   0.98   193.17
33.87   7.74   881.10   0.20   0.05   0.00   4.07   171.68
30.39   4.44   872.70   0.20   0.00   0.00   6.38   171.64
31.25   1.33   875.55   0.15   0.00   0.00   2.60   167.77
25.01   6.85   877.41   0.32   0.00   0.00   4.39   149.19
34.58   -4.09   878.11   0.08   0.00   0.00   2.41   222.24
23.47   5.06   880.12   0.31   0.00   0.00   2.71   316.74
24.33   6.51   877.53   0.32   0.00   0.00   4.51   145.62
33.89   -2.11   875.38   0.10   0.00   0.00   3.34   202.77
31.68   3.51   875.48   0.17   0.00   0.00   3.17   172.79
30.53   2.11   875.42   0.16   0.00   0.00   5.72   242.32
29.07   4.78   877.08   0.22   0.05   0.00   3.48   274.86
26.66   3.10   879.45   0.22   0.00   0.00   2.23   181.38
33.87   2.59   873.84   0.14   0.00   0.00   5.76   179.65
24.53   6.70   877.23   0.32   0.00   0.00   4.85   150.93
30.29   10.58   880.11   0.31   0.00   0.00   3.28   219.17
26.49   6.91   877.09   0.29   0.00   0.00   4.98   148.45
19.93   3.20   877.55   0.33   0.00   0.00   2.05   166.61
23.21   3.28   879.42   0.28   0.00   0.00   1.73   303.01
28.54   1.39   879.87   0.17   0.00   0.00   4.84   144.70
34.36   -8.37   877.77   0.06   0.00   0.00   2.15   190.05
33.73   2.54   874.61   0.14   0.00   0.00   7.75   168.59
26.83   4.49   874.70   0.24   0.00   0.00   4.72   135.85
16.40   2.27   876.40   0.39   0.00   0.00   2.67   309.26
35.89   -7.92   877.14   0.06   0.00   0.00   2.17   230.22
27.26   4.01   875.05   0.22   0.00   0.00   4.57   130.86
36.10   -2.97   875.33   0.08   0.00   0.00   1.47   250.76
28.56   7.32   882.89   0.26   0.00   0.00   4.72   170.94
34.50   0.90   875.11   0.12   0.05   0.00   7.74   174.43
26.79   -1.46   877.86   0.16   0.00   0.00   1.41   123.48
23.11   6.21   880.80   0.34   0.00   0.00   1.14   218.01
26.40   1.69   873.69   0.20   0.00   0.00   4.70   266.06
34.37   0.61   875.66   0.12   0.05   0.00   7.11   175.30
27.04   4.95   878.03   0.25   0.00   0.00   3.47   252.22
33.55   -1.28   875.40   0.11   0.00   0.00   3.43   223.10
21.71   7.19   881.72   0.39   0.00   0.00   2.14   244.52
15.20   1.40   877.08   0.39   0.00   0.00   1.90   235.40
33.56   -2.85   878.99   0.10   0.00   0.00   2.38   260.82
31.90   -4.33   879.77   0.09   0.00   0.00   4.12   303.85
33.07   2.66   878.55   0.15   0.00   0.00   5.32   176.74
26.31   4.78   877.24   0.25   0.05   0.00   4.87   307.36
16.43   0.74   880.83   0.35   0.00   0.00   2.83   195.43
36.89   -7.16   876.34   0.06   0.00   0.00   4.21   178.61
24.41   6.65   881.61   0.32   0.00   0.00   2.49   159.19
31.10   3.53   877.05   0.18   0.05   0.00   2.85   207.77
36.26   -7.49   876.39   0.06   0.00   0.00   2.07   170.90
35.92   -2.95   875.38   0.08   0.00   0.00   4.38   249.52
37.26   -5.98   875.67   0.06   0.00   0.00   2.47   242.36
18.24   1.29   876.75   0.32   0.00   0.00   1.72   216.55
24.49   1.68   874.28   0.23   0.00   0.00   4.06   117.28
34.68   3.27   872.64   0.14   0.00   0.00   7.24   173.89
22.97   0.79   877.08   0.23   0.00   0.00   3.20   124.46
16.53   1.14   876.76   0.35   0.00   0.00   2.03   222.24
33.73   0.91   876.17   0.13   0.05   0.00   6.59   182.79
27.19   2.21   878.70   0.20   0.05   0.00   0.82   183.07
35.66   1.26   881.70   0.12   0.05   0.00   2.24   246.80
22.57   -0.71   880.96   0.22   0.00   0.00   5.02   324.37
19.65   0.00   878.41   0.27   0.00   0.00   2.35   136.47
15.60   4.11   878.39   0.46   0.00   0.00   1.53   140.16
29.99   4.32   876.12   0.20   0.00   0.00   1.93   194.50
30.84   -0.88   875.03   0.13   0.03   0.00   2.93   192.44
23.75   4.74   875.41   0.29   0.00   0.00   2.84   161.93
23.21   9.73   881.18   0.43   0.00   0.00   3.54   175.95
25.19   4.79   875.64   0.27   0.00   0.00   3.55   123.82
32.75   4.10   872.37   0.17   0.00   0.00   6.99   167.41
27.41   0.49   880.80   0.18   0.00   0.00   4.83   138.04
27.72   6.80   876.77   0.27   0.00   0.00   4.60   132.48
16.70   4.00   878.83   0.43   0.00   0.00   1.96   230.98
26.04   10.11   881.44   0.37   0.00   0.00   2.22   139.01
27.35   0.52   876.39   0.18   0.00   0.00   4.40   317.41
34.17   3.22   872.32   0.14   0.00   0.00   8.25   169.25
20.39   2.27   877.01   0.30   0.00   0.00   2.68   159.24
30.37   -1.14   878.77   0.13   0.00   0.00   5.08   303.44
14.00   4.13   878.92   0.52   0.00   0.00   1.74   250.46
29.35   -0.53   875.96   0.14   0.03   0.00   2.38   199.74
35.29   0.69   879.64   0.11   0.23   0.00   5.24   170.92
29.74   -4.19   880.41   0.11   0.00   0.00   4.99   313.39
15.67   3.93   879.30   0.46   0.00   0.00   0.81   164.86
25.28   0.84   876.70   0.20   0.00   0.00   4.19   266.81
26.43   -0.65   881.11   0.17   0.00   0.00   4.80   143.50
20.55   1.40   876.88   0.28   0.00   0.00   2.56   285.85
35.57   -5.70   877.39   0.07   0.00   0.00   2.93   173.52
33.50   -0.64   878.02   0.11   0.00   0.00   3.37   178.88
34.24   1.90   874.71   0.13   0.03   0.00   8.56   170.22
24.19   -1.27   878.10   0.19   0.00   0.00   2.28   185.02
20.91   5.00   876.81   0.36   0.00   0.00   1.60   133.66
26.00   4.83   876.93   0.26   0.00   0.00   1.05   140.53
19.88   8.34   881.13   0.48   0.00   0.00   1.96   256.35
27.31   -2.75   880.67   0.14   0.00   0.00   6.13   324.00
31.46   -4.41   877.48   0.10   0.00   0.00   2.84   201.68
19.21   8.36   881.63   0.50   0.00   0.00   1.41   261.93
23.24   1.83   877.08   0.25   0.00   0.00   2.20   143.30
31.91   -0.21   873.82   0.13   0.01   0.00   3.94   177.67
35.96   -3.35   875.83   0.08   0.00   0.00   2.27   205.83
32.06   -1.37   878.46   0.12   0.00   0.00   4.13   170.35
25.53   2.07   876.42   0.22   0.00   0.00   3.55   140.13
24.28   0.83   876.63   0.21   0.00   0.00   3.01   273.40
36.02   1.17   881.04   0.11   0.05   0.00   2.05   246.71
27.57   -1.47   877.32   0.15   0.00   0.00   2.47   73.69
36.59   -8.32   876.87   0.06   0.00   0.00   3.55   170.25
18.36   8.54   881.14   0.53   0.00   0.00   1.92   248.03
30.87   9.63   880.40   0.27   0.05   0.00   2.74   200.14
16.76   1.91   876.70   0.37   0.08   0.00   1.80   169.87
27.65   5.17   879.83   0.24   0.00   0.00   1.97   294.10
36.65   -4.10   875.27   0.08   0.00   0.00   4.35   192.82
18.21   0.85   878.64   0.31   0.00   0.00   2.12   236.43
28.69   7.30   882.15   0.26   0.05   0.00   1.98   304.40
30.18   4.74   875.28   0.20   0.00   0.00   4.52   157.74
17.22   2.06   876.74   0.36   0.00   0.00   2.24   241.55
32.90   -6.06   878.34   0.08   0.00   0.00   3.15   271.86
34.40   2.81   873.10   0.14   0.00   0.00   6.23   177.32
30.51   0.82   878.89   0.15   0.00   0.00   2.33   221.75
22.97   11.26   882.99   0.48   0.00   0.00   3.45   93.44
16.50   2.15   881.27   0.38   0.00   0.00   1.91   174.08
22.35   8.61   880.88   0.42   0.00   0.00   3.76   287.38
26.06   9.57   881.30   0.36   0.00   0.00   2.45   212.37
16.38   3.32   876.76   0.42   0.05   0.00   0.86   198.48
30.60   -1.29   875.50   0.13   0.03   0.00   1.95   185.83
27.60   4.34   874.33   0.23   0.00   0.00   5.30   148.89
28.27   5.91   881.21   0.24   0.00   0.00   1.94   217.72
18.74   2.68   877.77   0.35   0.00   0.00   1.57   186.50
15.74   1.48   879.70   0.38   0.00   0.00   1.97   188.45
34.88   -4.10   877.02   0.08   0.00   0.00   6.68   165.06
31.73   -0.50   874.47   0.13   0.03   0.00   3.25   197.35
21.33   7.02   881.41   0.40   0.00   0.00   2.28   218.05
36.54   -0.52   878.89   0.10   0.23   0.00   5.18   175.89
21.39   6.37   877.97   0.38   0.00   0.00   3.29   204.29
27.79   3.69   874.82   0.21   0.00   0.00   5.36   140.27
31.92   -3.41   875.88   0.10   0.00   0.00   3.83   166.17
22.91   2.66   879.21   0.27   0.00   0.00   2.64   264.19
27.83   -0.18   878.95   0.16   0.00   0.00   5.37   196.89
24.35   5.69   880.80   0.30   0.00   0.00   1.63   198.84
32.63   1.75   876.56   0.14   0.05   0.00   5.60   177.59
31.10   4.50   879.78   0.19   0.00   0.00   3.78   139.34
18.02   8.27   881.78   0.53   0.00   0.00   1.54   120.32
25.84   4.75   875.39   0.26   0.00   0.00   4.08   133.01
28.05   4.84   880.39   0.23   0.00   0.00   3.85   172.93
32.25   3.48   874.81   0.16   0.00   0.00   6.57   171.13
24.51   5.36   880.78   0.29   0.00   0.00   2.92   275.65
36.03   1.77   880.60   0.12   0.00   0.00   2.46   280.73
27.23   0.02   880.84   0.17   0.00   0.00   5.41   134.04
19.09   5.42   875.72   0.41   0.05   0.00   2.36   158.75
35.32   -2.36   875.04   0.09   0.00   0.00   5.24   204.48
33.62   -2.95   877.78   0.10   0.00   0.00   4.72   163.32
27.28   9.47   882.16   0.33   0.00   0.00   2.95   320.85
17.12   9.93   883.53   0.63   0.00   0.00   1.52   264.45
29.00   1.91   876.29   0.18   0.00   0.00   1.89   177.87
36.60   -6.01   875.66   0.06   0.00   0.00   4.71   233.84
32.79   7.98   882.12   0.22   0.05   0.00   2.51   225.91
19.22   10.34   883.85   0.57   0.00   0.00   2.60   321.44
25.95   0.87   876.40   0.20   0.00   0.00   4.71   233.68
22.38   7.39   881.82   0.38   0.00   0.00   1.96   258.36
21.41   8.08   880.91   0.43   0.00   0.00   2.42   128.68
25.82   6.13   881.48   0.29   0.00   0.00   2.74   172.32
24.33   0.73   877.08   0.21   0.00   0.00   2.91   40.53
29.52   3.03   878.45   0.19   0.00   0.00   4.52   154.43
36.05   -1.48   876.30   0.09   0.00   0.00   7.24   174.32
28.28   2.16   874.38   0.19   0.00   0.00   4.38   162.71
32.94   2.95   874.57   0.15   0.00   0.00   5.17   185.34
15.21   3.17   876.43   0.45   0.02   0.00   1.01   212.86
25.68   3.97   879.18   0.25   0.00   0.00   4.47   303.29
17.26   1.60   878.77   0.35   0.00   0.00   2.00   232.79
23.42   2.12   877.16   0.25   0.00   0.00   3.68   142.42
14.04   3.56   878.67   0.49   0.00   0.00   1.39   246.60
28.17   4.92   879.82   0.23   0.00   0.00   3.90   181.09
28.10   1.71   876.05   0.18   0.08   0.00   5.00   312.26
24.53   -0.81   880.82   0.19   0.00   0.00   4.60   156.27
17.55   5.46   880.02   0.45   0.00   0.00   1.74   204.79
3.56   -11.99   878.37   0.32   0.00   0.00   3.32   144.30
26.44   -5.78   878.09   0.12   0.00   0.00   5.65   161.78
17.36   -3.57   880.84   0.24   0.00   0.00   3.97   18.43
6.19   -13.32   882.55   0.23   0.00   0.00   2.57   243.83
0.95   -19.06   884.53   0.21   0.03   0.00   2.18   260.41
23.57   -15.67   878.64   0.06   0.00   0.00   5.25   145.19
16.73   -6.66   874.49   0.20   0.00   0.00   2.00   190.92
8.00   -5.00   880.82   0.39   0.00   0.00   6.11   298.59
17.42   -6.91   874.16   0.18   0.00   0.00   2.13   240.91
26.25   -4.30   875.93   0.13   0.36   0.00   1.99   183.42
9.97   -7.37   884.54   0.29   0.00   0.00   2.18   34.01
16.04   -7.72   878.52   0.19   0.00   0.00   1.60   192.69
23.10   -5.03   877.41   0.15   0.36   0.00   2.23   247.44
10.28   -7.47   883.20   0.28   0.00   0.00   0.88   221.65
25.12   -13.77   880.86   0.07   0.00   0.00   5.22   168.24
13.87   -6.90   873.35   0.23   0.00   0.00   1.41   149.91
3.14   -14.39   882.49   0.26   0.00   0.00   2.30   293.92
9.78   -13.97   875.45   0.17   0.00   0.00   3.57   261.90
11.76   -2.47   885.30   0.37   0.00   0.00   3.74   123.87
8.62   -7.60   882.88   0.31   0.00   0.00   3.24   82.66
15.37   -8.12   878.77   0.19   0.00   0.00   4.16   137.99
-1.24   -18.48   879.98   0.26   0.25   0.00   1.61   263.64
21.79   -9.17   875.19   0.12   0.00   0.00   6.10   173.65
22.84   -5.66   882.48   0.15   0.00   0.00   1.68   242.30
14.88   -14.70   874.37   0.12   0.00   0.00   4.92   179.42
16.95   -5.48   876.06   0.21   0.00   0.00   7.63   305.04
17.18   -6.25   873.57   0.20   0.00   0.00   1.92   204.90
5.25   -5.85   878.11   0.45   0.03   0.00   1.56   130.01
23.15   -6.89   880.23   0.13   0.00   0.00   4.59   167.50
20.57   -6.45   878.42   0.16   0.00   0.00   3.77   160.78
4.74   -15.03   881.62   0.22   0.00   0.00   8.32   334.39
10.40   -3.66   882.85   0.37   0.00   0.00   1.09   143.58
8.39   -6.59   884.19   0.34   0.00   0.00   2.22   270.77
24.53   -5.88   869.34   0.13   0.00   0.00   11.58   335.41
11.33   -5.67   878.81   0.30   0.03   0.00   2.49   210.41
20.46   -4.51   880.35   0.18   0.00   0.00   5.26   308.05
1.57   -17.63   877.45   0.23   0.00   0.00   1.87   272.89
4.50   -6.48   879.73   0.45   0.00   0.00   2.16   42.92
5.01   -11.19   877.12   0.30   0.00   0.00   2.10   124.11
-2.37   -19.08   879.78   0.27   0.09   0.00   1.64   190.45
21.96   -7.79   874.55   0.13   0.05   0.00   4.16   178.42
7.44   -6.12   878.32   0.37   0.00   0.00   2.45   134.13
17.31   -6.02   884.11   0.20   0.00   0.00   2.70   166.50
5.34   -18.60   885.09   0.16   0.03   0.00   4.47   314.72
13.63   -16.17   883.69   0.11   0.00   0.00   7.00   312.72
13.56   -7.79   881.95   0.22   0.00   0.00   3.13   175.33
16.82   -4.35   870.56   0.24   0.00   0.00   3.85   192.30
11.69   -5.16   877.67   0.30   0.00   0.00   7.58   292.09
12.05   -7.49   882.44   0.25   0.00   0.00   2.42   109.76
3.41   -13.23   882.16   0.28   0.00   0.00   1.52   243.69
25.35   -13.81   880.80   0.07   0.00   0.00   5.49   171.51
20.58   -24.45   879.41   0.04   0.03   0.00   4.60   99.55
18.63   -11.46   870.64   0.12   0.00   0.00   2.85   210.86
10.89   -5.51   878.09   0.31   0.00   0.00   6.20   108.34
0.54   -6.91   881.25   0.58   0.01   0.00   3.22   334.44
8.40   -7.31   885.28   0.32   0.00   0.00   3.52   304.83
6.75   -5.76   878.20   0.41   0.03   0.00   1.80   121.44
10.30   -7.16   872.96   0.29   0.00   0.00   2.10   169.43
13.28   -8.97   875.73   0.21   0.00   0.00   3.19   125.39
15.10   -6.37   878.90   0.22   0.00   0.00   2.03   197.69
25.16   -5.30   883.68   0.13   0.00   0.00   2.51   242.33
11.43   -10.33   875.49   0.21   0.00   0.00   16.53   345.76
5.06   -7.80   883.70   0.39   0.00   0.00   3.09   165.31
7.04   -15.41   884.75   0.19   0.00   0.00   7.66   290.75
14.95   -14.16   878.60   0.12   0.00   0.00   1.76   76.76
8.41   -12.85   880.49   0.21   0.00   0.00   10.55   341.40
26.27   -6.55   882.10   0.11   0.00   0.00   5.55   185.90
22.14   -3.81   879.08   0.17   0.00   0.00   7.27   305.08
8.07   -5.84   878.09   0.37   0.03   0.00   2.19   298.04
-0.60   -15.90   880.46   0.30   0.00   0.00   1.97   322.23
16.64   -3.38   881.23   0.25   0.00   0.00   3.49   17.44
12.05   -18.07   877.52   0.11   0.03   0.00   1.48   269.39
24.05   -14.37   877.08   0.07   0.00   0.00   2.00   244.57
6.48   -14.65   881.02   0.20   0.00   0.00   11.63   334.78
10.58   -8.06   872.65   0.26   0.00   0.00   1.26   165.81
18.92   -5.50   886.27   0.19   0.00   0.00   5.19   278.41
19.75   -3.65   880.43   0.21   0.00   0.00   6.63   329.02
13.51   -4.53   881.87   0.28   0.00   0.00   7.41   326.47
-0.54   -20.23   884.87   0.21   0.03   0.00   2.72   214.26
-0.05   -16.81   877.08   0.27   0.00   0.00   1.43   273.54
16.21   -17.95   876.97   0.08   0.07   0.00   1.76   147.28
15.90   -19.89   879.43   0.07   0.25   0.00   1.33   182.86
3.10   -8.95   878.33   0.41   0.00   0.00   2.83   249.59
15.71   -12.95   876.74   0.13   0.00   0.00   3.80   153.61
20.60   -3.44   879.37   0.20   0.00   0.00   6.73   307.14
10.84   -7.25   882.63   0.28   0.00   0.00   2.39   311.54
11.67   -7.19   875.82   0.26   0.00   0.00   9.59   328.50
16.85   -7.90   875.72   0.18   0.00   0.00   2.20   252.78
2.66   -14.92   884.20   0.26   0.00   0.00   1.53   252.94
21.63   -14.05   877.08   0.08   0.00   0.00   2.12   231.12
21.49   -14.26   873.54   0.08   0.08   0.00   6.87   175.30
0.53   -12.46   882.45   0.37   0.00   0.00   2.56   216.56
6.95   -6.37   882.52   0.38   0.00   0.00   1.63   164.00
26.88   -6.01   878.90   0.11   0.00   0.00   3.61   166.21
16.89   -21.55   876.69   0.06   0.00   0.00   4.49   133.27
6.84   -6.78   882.80   0.37   0.00   0.00   1.63   307.12
4.83   -14.19   876.74   0.24   0.00   0.00   2.52   336.30
10.29   -7.37   884.40   0.28   0.00   0.00   1.19   87.52
20.11   -12.03   876.24   0.10   0.00   0.00   4.81   177.26
9.30   -12.52   879.02   0.20   0.00   0.00   14.36   339.19
16.42   -10.38   870.97   0.15   0.00   0.00   1.85   244.40
4.10   -7.74   878.77   0.42   0.00   0.00   1.06   217.80
21.71   -13.97   873.63   0.08   0.08   0.00   6.96   174.50
22.37   -8.47   882.72   0.12   0.00   0.00   3.25   157.20
18.48   -13.83   884.05   0.10   0.00   0.00   1.35   269.69
7.68   -6.12   879.21   0.37   0.00   0.00   2.54   81.02
10.08   -5.57   876.03   0.33   0.00   0.00   7.06   331.21
15.23   -6.14   874.86   0.23   0.00   0.00   4.31   279.63
3.81   -16.00   883.45   0.22   0.00   0.00   6.28   322.84
25.05   -18.07   878.09   0.05   0.00   0.00   5.87   168.78
9.70   -19.03   884.34   0.11   0.03   0.00   2.20   181.92
11.85   -6.50   886.12   0.27   0.00   0.00   4.60   245.84
9.52   -7.29   884.86   0.30   0.00   0.00   3.57   234.98
20.80   -6.95   877.75   0.15   0.03   0.00   5.70   173.58
16.88   -10.63   880.95   0.14   0.00   0.00   1.56   168.38
8.64   -7.25   882.91   0.32   0.00   0.00   3.56   130.53
6.34   -19.49   884.53   0.14   0.03   0.00   2.79   171.34
22.68   -4.73   869.95   0.16   0.00   0.00   2.32   206.53
24.80   -5.80   872.60   0.13   0.00   0.00   2.81   145.57
11.99   -19.55   883.78   0.09   0.03   0.00   1.93   223.24
-1.71   -20.14   879.78   0.23   0.05   0.00   2.23   144.15
18.17   -6.92   874.11   0.18   0.00   0.00   1.72   207.17
18.27   -20.23   878.66   0.06   0.25   0.00   2.76   145.10
9.49   -5.83   877.97   0.34   0.00   0.00   2.83   319.16
7.18   -7.28   883.22   0.35   0.00   0.00   2.13   234.39
18.04   -7.73   877.80   0.17   0.00   0.00   3.81   152.70
2.43   -11.37   878.03   0.36   0.00   0.00   2.52   150.98
7.12   -4.00   884.42   0.45   0.00   0.00   1.29   97.85
22.23   -8.41   873.28   0.12   0.00   0.00   2.30   170.27
8.34   -21.24   880.47   0.10   0.00   0.00   2.11   223.09
13.57   -3.34   882.49   0.31   0.00   0.00   1.35   113.95
10.15   -12.69   877.72   0.19   0.00   0.00   15.03   329.46
11.64   -17.63   882.26   0.11   0.00   0.00   1.90   207.68
23.01   -16.39   878.95   0.06   0.00   0.00   2.21   174.30
23.97   -14.47   877.08   0.07   0.00   0.00   2.54   279.67
15.01   -3.35   881.78   0.28   0.00   0.00   2.91   147.63
23.43   -6.18   877.95   0.13   0.00   0.00   3.38   133.79
8.31   -6.00   871.03   0.36   0.00   0.00   3.34   138.96
12.58   -4.99   877.35   0.29   0.00   0.00   7.77   131.68
16.12   -5.28   873.60   0.23   0.00   0.00   3.10   226.60
25.00   -9.47   880.14   0.10   0.00   0.00   5.61   172.06
28.43   -5.30   872.73   0.11   0.10   0.00   5.73   159.09
8.65   -7.23   872.72   0.32   0.00   0.00   1.60   186.08
18.96   -20.25   881.42   0.06   0.00   0.00   1.74   184.20
24.15   -7.26   867.27   0.12   0.00   0.00   7.53   174.31
15.68   -17.88   882.74   0.09   0.00   0.00   6.37   318.95
26.17   -6.73   881.72   0.11   0.00   0.00   6.01   178.30
17.93   -20.65   876.14   0.06   0.00   0.00   4.26   140.21
11.01   -17.85   884.69   0.12   0.03   0.00   4.30   250.45
22.22   -12.46   877.67   0.09   0.00   0.00   2.72   144.64
5.71   -6.47   878.49   0.41   0.00   0.00   3.95   291.50
24.38   -6.02   867.69   0.13   0.00   0.00   6.16   218.99
9.77   -13.11   882.49   0.19   0.00   0.00   3.27   272.21
14.15   -11.48   877.27   0.16   0.00   0.00   2.88   219.06
23.08   -3.42   878.77   0.17   0.00   0.00   5.97   323.55
23.83   -3.70   878.62   0.16   0.00   0.00   7.50   311.76
11.62   -8.06   872.82   0.25   0.00   0.00   1.73   110.17
18.46   -3.52   880.80   0.22   0.00   0.00   5.08   249.29
17.11   -7.60   878.47   0.18   0.00   0.00   3.02   203.00
11.49   -13.01   879.97   0.17   0.00   0.00   2.82   279.70
18.21   -6.87   874.37   0.18   0.00   0.00   1.11   198.95
21.62   -7.70   875.26   0.13   0.05   0.00   3.12   167.61
25.35   -13.98   880.80   0.06   0.00   0.00   5.30   168.12
15.71   -7.50   878.77   0.20   0.05   0.00   1.14   186.71
18.11   -6.94   874.03   0.18   0.00   0.00   2.21   248.76
16.42   -5.05   871.92   0.23   0.00   0.00   11.79   77.04
23.13   -6.59   882.13   0.13   0.00   0.00   3.72   145.67
4.68   -12.43   882.83   0.28   0.00   0.00   1.41   261.08
13.23   -20.10   883.19   0.08   0.03   0.00   2.70   144.93
12.01   -10.36   872.54   0.20   0.00   0.00   5.98   210.41
20.09   -17.26   875.09   0.07   0.08   0.00   5.89   159.48
4.29   -12.07   878.58   0.29   0.00   0.00   2.12   258.55
2.61   -13.52   882.83   0.29   0.00   0.00   2.75   305.24
8.74   -12.96   880.42   0.20   0.00   0.00   3.18   138.81
16.94   -5.21   870.93   0.22   0.00   0.00   10.84   187.57
23.57   -8.73   874.14   0.11   0.00   0.00   4.92   166.60
21.02   -22.08   876.78   0.04   0.25   0.00   5.52   168.25
7.20   -6.22   870.54   0.38   0.00   0.00   2.42   179.64
-1.37   -18.09   885.09   0.27   0.03   0.00   2.50   308.98
24.60   -5.84   881.57   0.13   0.00   0.00   2.95   180.83
15.17   -5.71   876.75   0.23   0.00   0.00   4.73   89.89
14.88   -8.05   878.70   0.20   0.00   0.00   4.57   153.21
17.28   -6.52   883.42   0.19   0.00   0.00   4.55   170.35
5.14   -13.88   881.69   0.24   0.00   0.00   2.69   238.10
21.22   -5.20   885.82   0.17   0.00   0.00   3.96   303.58
16.64   -6.98   875.91   0.19   0.00   0.00   3.19   271.41
23.19   -5.16   884.98   0.15   0.00   0.00   2.53   257.54
17.36   -13.81   877.64   0.11   0.00   0.00   1.14   206.28
19.78   -8.98   873.16   0.14   0.00   0.00   1.99   204.84
6.64   -6.42   877.68   0.39   0.00   0.00   5.81   123.75
1.58   -13.84   883.90   0.31   0.00   0.00   2.49   40.01
5.96   -7.76   878.95   0.37   0.00   0.00   2.78   223.06
7.76   -5.83   879.07   0.38   0.00   0.00   4.98   232.85
21.62   -6.60   882.61   0.15   0.00   0.00   3.55   162.86
0.72   -11.40   878.67   0.40   0.00   0.00   1.34   231.24
4.01   -6.78   879.99   0.45   0.00   0.00   2.74   329.94
24.96   -5.61   877.73   0.13   0.00   0.00   3.99   144.66
12.24   -21.57   880.42   0.08   0.00   0.00   4.62   187.25
10.73   -7.07   882.82   0.28   0.00   0.00   3.78   192.32
6.03   -12.64   882.62   0.25   0.00   0.00   1.86   147.79
13.54   -5.45   874.56   0.26   0.00   0.00   8.33   315.92
1.25   -18.22   884.73   0.22   0.03   0.00   2.04   242.30
12.06   -5.78   875.98   0.28   0.00   0.00   6.69   319.24
9.37   -5.36   878.89   0.35   0.03   0.00   1.45   125.04
9.53   -5.76   878.09   0.34   0.03   0.00   2.09   241.34
24.79   -6.16   881.72   0.12   0.00   0.00   4.77   148.60
11.89   -16.21   884.28   0.13   0.00   0.00   8.67   329.56
11.28   -5.47   878.17   0.30   0.00   0.00   7.81   13.01
18.15   -14.72   881.48   0.09   0.00   0.00   4.61   163.34
21.61   -8.11   874.37   0.13   0.05   0.00   4.58   167.26
13.81   -11.06   871.78   0.17   0.00   0.00   4.66   226.67
21.03   -13.87   883.35   0.08   0.00   0.00   2.06   179.76
4.35   -6.75   879.78   0.44   0.00   0.00   2.01   16.69
5.22   -5.59   878.09   0.46   0.03   0.00   2.08   279.95
-1.17   -17.29   877.12   0.29   0.00   0.00   2.25   211.72
25.72   -6.09   880.13   0.12   0.00   0.00   3.71   166.65
7.39   -8.10   872.47   0.32   0.00   0.00   1.36   135.72
25.11   -8.81   879.88   0.10   0.00   0.00   6.04   177.38
1.07   -13.10   882.50   0.34   0.00   0.00   1.71   178.12
21.82   -2.47   885.56   0.20   0.00   0.00   9.91   258.67
6.48   -5.70   882.85   0.42   0.00   0.00   1.82   203.42
20.33   -10.74   880.06   0.12   0.00   0.00   4.21   156.88
22.33   -12.03   879.48   0.09   0.00   0.00   3.91   134.95
20.52   -14.06   873.64   0.09   0.00   0.00   4.41   164.43
10.50   -6.72   876.70   0.29   0.00   0.00   8.74   326.17
1.41   -20.22   884.56   0.18   0.03   0.00   2.08   241.28
6.89   -6.32   871.27   0.39   0.00   0.00   2.81   212.38
21.31   -8.14   880.84   0.13   0.00   0.00   3.90   139.31
5.31   -12.89   875.84   0.26   0.00   0.00   1.63   147.15
18.29   -6.42   883.00   0.18   0.00   0.00   4.64   198.39
9.00   -8.63   872.47   0.28   0.00   0.00   1.69   151.30
19.94   -7.69   877.04   0.15   0.05   0.00   1.65   156.66
5.01   -18.71   880.12   0.16   0.25   0.00   1.98   299.17
10.59   -7.30   878.77   0.28   0.00   0.00   2.55   263.88
7.33   -6.11   874.30   0.38   0.00   0.00   5.69   332.65
20.37   -8.93   876.35   0.13   0.00   0.00   6.04   162.73
3.34   -9.42   879.15   0.39   0.03   0.00   2.12   112.29
19.27   -24.44   879.27   0.04   0.00   0.00   4.32   126.75
-3.01   -15.74   879.78   0.37   0.05   0.00   1.06   282.31
8.32   -11.36   876.58   0.24   0.00   0.00   2.07   197.57
4.54   -13.73   882.57   0.25   0.00   0.00   2.58   135.13
7.29   -7.88   882.83   0.33   0.00   0.00   2.22   55.17
19.89   -21.54   877.51   0.05   0.25   0.00   4.88   160.16
17.24   -14.56   874.25   0.10   0.00   0.00   4.33   151.21
16.94   -24.72   879.78   0.04   0.00   0.00   3.69   144.86
21.79   -6.85   868.18   0.14   0.00   0.00   9.22   318.26
24.17   -15.93   878.35   0.06   0.00   0.00   4.03   193.80
0.64   -15.36   880.46   0.29   0.00   0.00   2.32   328.81
6.79   -13.23   884.71   0.23   0.00   0.00   2.46   302.94
5.42   -6.61   881.73   0.42   0.05   0.00   3.77   282.36
11.60   -7.20   883.93   0.26   0.00   0.00   1.76   217.92
20.37   -7.45   877.75   0.15   0.00   0.00   4.71   163.51
23.89   -3.76   878.71   0.16   0.00   0.00   7.18   319.55
18.59   -8.91   877.50   0.15   0.00   0.00   4.52   153.72
4.19   -14.09   882.49   0.25   0.00   0.00   2.35   83.83
20.17   -18.71   875.73   0.06   0.00   0.00   5.34   164.45
15.30   -4.25   881.79   0.26   0.00   0.00   6.02   322.31
4.84   -18.93   877.41   0.16   0.00   0.00   2.97   272.18
16.89   -7.65   878.13   0.18   0.00   0.00   3.94   152.78
15.38   -7.84   881.95   0.20   0.00   0.00   3.55   225.90
4.41   -15.93   884.18   0.21   0.00   0.00   7.50   252.17
14.49   -7.70   878.43   0.21   0.00   0.00   4.77   175.77
2.46   -12.10   878.77   0.33   0.00   0.00   3.45   339.98
23.69   -9.35   881.55   0.10   0.00   0.00   4.95   166.79
12.19   -19.17   877.08   0.10   0.00   0.00   3.40   193.83
-1.78   -16.94   877.71   0.31   0.02   0.00   2.79   172.61
19.04   -14.74   881.48   0.09   0.00   0.00   4.65   162.00
18.48   -19.92   881.55   0.06   0.00   0.00   3.39   282.59
7.96   -12.18   879.06   0.23   0.00   0.00   0.82   134.27
7.27   -6.18   883.60   0.38   0.00   0.00   1.66   201.57
0.25   -10.76   878.49   0.44   0.00   0.00   2.12   227.05
23.99   -5.69   868.73   0.14   0.00   0.00   2.35   145.10
2.27   -8.85   878.73   0.44   0.00   0.00   2.10   152.91
24.56   -9.53   880.53   0.10   0.00   0.00   5.32   164.08
20.81   -11.40   878.44   0.11   0.00   0.00   3.74   222.47
20.58   -14.67   875.72   0.08   0.00   0.00   4.78   176.08
17.76   -4.58   881.38   0.22   0.00   0.00   5.90   317.85
3.06   -13.69   877.81   0.28   0.00   0.00   1.47   202.73
16.68   -6.65   874.36   0.20   0.00   0.00   2.60   249.70
3.84   -18.77   884.56   0.18   0.03   0.00   3.06   283.78
4.65   -6.14   874.37   0.46   0.00   0.00   4.64   272.17
9.15   -5.16   870.61   0.36   0.00   0.00   2.14   158.75
7.91   -10.80   876.06   0.25   0.00   0.00   2.81   210.44
21.01   -17.53   879.43   0.06   0.00   0.00   1.04   229.90
18.28   -14.27   873.83   0.10   0.00   0.00   3.32   135.16
10.78   -4.39   881.58   0.34   0.00   0.00   7.35   331.04
7.03   -6.33   877.98   0.38   0.00   0.00   6.34   19.54
19.55   -4.91   874.70   0.19   0.00   0.00   3.53   134.96
22.70   -6.46   878.10   0.14   0.00   0.00   3.71   141.79
17.32   -19.13   881.87   0.07   0.00   0.00   5.09   320.69
25.66   -19.35   878.05   0.04   0.00   0.00   5.10   179.47
15.31   -5.57   886.22   0.23   0.00   0.00   5.73   333.35
20.66   -6.76   877.86   0.15   0.05   0.00   6.06   172.71
7.31   -13.72   880.75   0.21   0.00   0.00   11.55   335.42
13.89   -4.80   878.66   0.27   0.36   0.00   1.96   241.44
21.07   -16.28   874.13   0.07   0.08   0.00   6.72   169.27
15.33   -8.42   873.81   0.19   0.00   0.00   3.28   215.71
6.20   -4.38   883.17   0.47   0.00   0.00   1.56   135.75
23.93   -8.78   873.50   0.11   0.00   0.00   3.64   151.08
6.21   -13.04   881.14   0.24   0.00   0.00   2.30   193.71
12.37   -6.40   875.29   0.26   0.00   0.00   8.93   340.42
5.22   -18.45   877.94   0.16   0.03   0.00   2.04   250.40
23.21   -3.42   878.75   0.17   0.00   0.00   8.02   336.19
1.09   -13.94   882.83   0.32   0.00   0.00   1.32   120.18
18.65   -5.76   871.07   0.19   0.00   0.00   14.01   328.41
21.64   -20.57   875.89   0.05   0.19   0.00   6.47   175.31
27.03   -4.83   874.67   0.12   0.36   0.00   3.76   163.05
9.69   -7.17   885.81   0.30   0.00   0.00   3.25   44.61
0.66   -19.83   884.85   0.20   0.03   0.00   2.74   231.47
13.67   -12.77   884.54   0.15   0.00   0.00   1.72   300.94
19.53   -6.61   873.69   0.17   0.00   0.00   1.54   126.89
10.81   -8.16   879.38   0.26   0.05   0.00   1.72   233.42
-1.07   -16.94   877.08   0.29   0.00   0.00   2.52   111.58
18.27   -8.41   875.15   0.16   0.00   0.00   2.81   189.11
9.81   -7.34   884.74   0.29   0.00   0.00   3.34   44.69
18.06   -13.10   875.90   0.11   0.00   0.00   3.85   128.59
26.09   -6.01   882.69   0.12   0.00   0.00   4.59   198.44
17.77   -13.80   882.17   0.11   0.00   0.00   3.52   147.95
17.25   -14.41   881.74   0.10   0.00   0.00   4.36   156.54
2.98   -6.44   875.00   0.50   0.00   0.00   4.47   303.73
20.05   -6.02   873.19   0.17   0.00   0.00   3.31   187.70
11.36   -10.06   875.76   0.21   0.00   0.00   4.39   62.68
19.72   -5.07   872.88   0.18   0.00   0.00   3.98   216.38
17.81   -13.97   879.78   0.10   0.00   0.00   1.14   162.82
13.79   -23.54   880.05   0.06   0.00   0.00   4.85   183.41
14.03   -6.16   873.30   0.25   0.00   0.00   2.33   121.74
7.44   -4.11   883.41   0.44   0.00   0.00   2.41   128.97
11.46   -6.13   876.41   0.29   0.00   0.00   2.65   216.51
8.15   -7.05   873.59   0.33   0.00   0.00   6.20   321.32
12.79   -5.58   878.76   0.28   0.02   0.00   2.46   259.54
4.97   -10.92   878.89   0.31   0.00   0.00   1.39   139.92
4.53   -12.55   878.60   0.28   0.00   0.00   2.04   166.10
11.16   -5.71   877.14   0.30   0.00   0.00   3.79   59.32
18.55   -7.89   881.39   0.16   0.00   0.00   4.26   172.01
5.91   -13.22   878.19   0.24   0.00   0.00   2.18   135.46
0.77   -17.82   877.08   0.24   0.00   0.00   1.43   247.18
27.25   -5.47   872.38   0.11   0.00   0.00   4.08   145.55
13.54   -7.48   875.53   0.23   0.00   0.00   3.23   232.85
12.79   -12.15   879.60   0.17   0.00   0.00   0.78   201.33
3.31   -12.92   878.48   0.29   0.00   0.00   1.19   255.22
28.35   -14.12   869.15   0.05   0.00   0.00   6.13   289.63
19.42   -11.70   876.49   0.11   0.00   0.00   5.13   171.55
13.88   -8.47   878.77   0.20   0.00   0.00   4.54   149.25
21.85   -5.48   870.09   0.16   0.00   0.00   12.23   320.31
16.97   -21.35   876.46   0.06   0.00   0.00   4.79   144.07
8.58   -3.85   883.97   0.42   0.00   0.00   1.97   157.65
12.46   -7.23   875.11   0.25   0.00   0.00   2.62   216.64
1.84   -8.18   878.60   0.48   0.00   0.00   1.83   313.09
24.97   -8.27   879.84   0.10   0.00   0.00   5.58   171.94
21.60   -14.15   873.70   0.08   0.08   0.00   7.43   173.91
11.86   -3.27   882.73   0.35   0.00   0.00   1.66   179.77
27.39   -11.58   869.05   0.07   0.00   0.00   8.85   278.50
4.32   -15.65   882.43   0.22   0.00   0.00   8.22   336.62
1.64   -13.46   883.23   0.32   0.00   0.00   1.92   236.02
0.13   -10.99   878.31   0.43   0.00   0.00   2.28   147.05
14.36   -5.78   876.74   0.24   0.00   0.00   7.85   135.46
5.25   -14.83   881.43   0.22   0.00   0.00   9.06   325.97
21.67   -21.09   876.37   0.04   0.25   0.00   6.08   175.20
5.41   -13.20   876.26   0.25   0.00   0.00   2.07   259.17
2.06   -13.63   882.56   0.31   0.00   0.00   1.64   166.31
15.43   -20.15   876.94   0.07   0.00   0.00   4.78   129.04
13.30   -5.31   883.63   0.27   0.00   0.00   2.26   305.08
3.85   -14.05   877.13   0.26   0.00   0.00   2.46   190.09
18.37   -18.84   876.27   0.07   0.08   0.00   4.91   155.74
24.52   -0.87   883.60   0.19   0.00   0.00   8.90   220.32
20.59   -7.13   883.52   0.15   0.00   0.00   1.59   163.25
15.18   -7.00   872.46   0.21   0.00   0.00   1.23   173.88
8.50   -11.96   876.71   0.23   0.00   0.00   5.02   63.12
4.66   -13.56   876.56   0.25   0.00   0.00   1.22   292.09
9.41   -15.29   884.72   0.16   0.00   0.00   8.38   330.87
23.89   -8.68   873.69   0.11   0.00   0.00   4.14   159.92
17.90   -25.30   879.49   0.04   0.00   0.00   4.51   129.03
23.60   -13.39   877.14   0.08   0.00   0.00   2.20   231.15
20.66   -7.60   876.09   0.14   0.05   0.00   3.03   163.25
24.60   -12.39   880.81   0.08   0.00   0.00   3.84   163.26
18.43   -10.25   878.80   0.13   0.00   0.00   3.87   233.56
16.42   -21.91   876.60   0.06   0.00   0.00   6.03   144.46
17.00   -20.21   881.57   0.06   0.00   0.00   1.96   206.82
15.25   -6.10   872.98   0.22   0.00   0.00   13.10   332.73
1.08   -19.72   884.45   0.20   0.03   0.00   2.58   109.21
15.04   -14.87   874.37   0.11   0.00   0.00   4.23   151.24
27.87   -4.89   873.79   0.11   0.36   0.00   5.11   170.39
14.67   -10.47   879.10   0.17   0.00   0.00   3.61   321.75
3.18   -12.79   878.77   0.30   0.00   0.00   1.57   236.11
6.36   -6.22   879.72   0.40   0.00   0.00   2.09   276.80
20.46   -13.49   875.73   0.09   0.00   0.00   5.06   170.16
18.43   -8.02   877.84   0.16   0.05   0.00   1.27   147.06
16.54   -11.99   876.94   0.13   0.00   0.00   3.73   141.13
5.34   -6.23   883.12   0.43   0.00   0.00   1.86   226.02
3.85   -19.38   880.80   0.17   0.00   0.00   2.14   149.38
8.39   -7.63   882.83   0.32   0.00   0.00   1.89   307.83
10.97   -4.56   879.62   0.33   0.00   0.00   9.09   83.99
9.08   -3.69   882.97   0.41   0.00   0.00   1.35   174.94
0.58   -6.51   880.56   0.59   0.00   0.00   2.18   273.33
18.17   -10.58   877.50   0.13   0.00   0.00   4.37   164.32
10.99   -7.20   876.49   0.27   0.00   0.00   9.21   318.84
8.39   -3.60   883.17   0.43   0.00   0.00   1.37   191.39
8.56   -6.57   877.10   0.34   0.00   0.00   6.50   66.97
25.42   -19.55   878.09   0.04   0.00   0.00   5.93   179.05
18.31   -20.42   881.22   0.06   0.00   0.00   2.73   179.06
24.21   -14.22   881.39   0.07   0.00   0.00   5.41   161.32
13.27   -7.66   874.40   0.23   0.00   0.00   1.77   134.83
16.21   -13.39   876.52   0.12   0.00   0.00   3.31   151.21
22.78   -8.86   874.48   0.11   0.00   0.00   5.33   176.47
11.46   -18.71   879.97   0.11   0.25   0.00   1.72   188.40
19.04   -5.24   883.18   0.19   0.00   0.00   2.32   293.51
4.12   -6.45   870.46   0.46   0.00   0.00   1.95   111.55
5.32   -6.04   874.37   0.44   0.00   0.00   4.58   323.12
19.84   -14.14   875.72   0.09   0.00   0.00   5.10   161.05
6.04   -5.97   874.37   0.42   0.00   0.00   4.51   325.39
19.02   -5.02   878.24   0.19   0.36   0.00   1.73   220.24
8.15   -8.42   873.26   0.30   0.00   0.00   3.71   185.08
25.21   -15.96   878.09   0.06   0.00   0.00   3.53   203.30
18.61   -6.49   882.83   0.18   0.00   0.00   4.22   199.50
15.56   -15.54   879.47   0.10   0.00   0.00   1.89   145.19
17.24   -5.69   875.97   0.20   0.00   0.00   7.55   316.51
20.57   -3.85   870.24   0.19   0.00   0.00   2.16   263.39
9.50   -6.44   876.73   0.32   0.00   0.00   7.17   184.36
26.03   -6.60   881.68   0.11   0.00   0.00   5.37   171.41
24.25   -14.53   877.08   0.07   0.00   0.00   1.74   221.42
26.80   -5.68   878.34   0.11   0.00   0.00   5.01   166.32
21.75   -20.66   876.06   0.05   0.25   0.00   6.21   175.98
28.06   -4.76   873.27   0.12   0.36   0.00   5.42   159.89
3.32   -12.77   882.32   0.30   0.00   0.00   1.67   321.16
20.48   -23.67   879.40   0.04   0.00   0.00   4.57   141.88
9.24   -18.90   884.19   0.12   0.03   0.00   1.79   134.05
5.60   -6.47   883.18   0.42   0.00   0.00   0.97   187.05
12.90   -7.96   874.24   0.23   0.00   0.00   15.96   342.94
0.16   -8.27   878.77   0.53   0.00   0.00   1.32   234.44
8.43   -12.75   877.61   0.21   0.00   0.00   2.58   270.23
-1.57   -16.75   880.16   0.30   0.00   0.00   1.71   234.72
-1.73   -17.29   879.78   0.29   0.03   0.00   2.13   80.62
1.31   -19.20   877.17   0.20   0.00   0.00   2.01   109.11
18.26   -1.27   885.83   0.27   0.00   0.00   8.43   332.58
10.34   -9.31   872.90   0.24   0.00   0.00   5.36   336.08
2.91   -6.47   875.43   0.50   0.00   0.00   4.93   342.17
6.34   -5.66   875.87   0.42   0.00   0.00   6.03   339.96
9.22   -5.73   878.70   0.34   0.03   0.00   1.19   185.14
4.65   -8.18   878.58   0.39   0.00   0.00   2.01   181.50
13.16   -13.16   874.98   0.15   0.00   0.00   3.09   167.45
12.15   -5.81   879.11   0.28   0.00   0.00   5.80   324.79
13.09   -5.53   884.30   0.27   0.00   0.00   3.14   255.57
13.70   -6.27   875.54   0.25   0.00   0.00   5.52   287.13
7.84   -5.97   878.43   0.37   0.06   0.00   2.27   286.69
13.56   -6.97   875.37   0.24   0.00   0.00   1.93   121.91
12.42   -2.66   873.24   0.35   0.03   0.00   2.07   209.41
18.80   -2.41   882.86   0.24   0.00   0.00   2.55   24.67
22.55   8.12   881.60   0.40   0.00   0.00   5.14   346.04
8.73   -3.23   880.35   0.43   0.00   0.00   3.32   190.79
24.94   -4.65   870.67   0.14   0.00   0.00   3.07   173.42
23.10   -0.98   868.96   0.20   0.00   0.00   3.15   188.44
9.52   -8.44   871.08   0.27   0.00   0.00   4.99   281.90
4.90   -2.86   880.37   0.57   0.08   0.00   2.39   310.04
32.13   -4.62   879.74   0.09   0.08   0.00   5.89   173.46
19.69   -3.05   868.83   0.21   0.00   0.00   2.68   180.42
15.79   4.34   879.03   0.47   0.00   0.00   1.31   208.17
26.06   -5.04   881.48   0.12   0.00   0.00   3.80   136.51
22.31   -0.61   880.13   0.22   0.00   0.00   6.20   208.21
21.74   -11.34   862.71   0.10   0.00   0.00   6.81   212.92
18.97   -8.42   873.91   0.15   0.00   0.00   2.28   245.23
13.75   -0.17   879.26   0.39   0.00   0.00   6.04   110.95
21.16   -4.49   881.63   0.18   0.00   0.00   3.69   205.68
11.41   -0.35   878.39   0.44   0.00   0.00   4.00   224.01
16.84   5.95   876.17   0.49   0.00   0.00   2.63   222.75
23.67   -11.63   871.09   0.09   0.00   0.00   5.75   254.95
14.42   -10.05   869.34   0.17   0.00   0.00   5.76   257.55
9.38   -9.18   871.88   0.26   0.00   0.00   2.61   144.59
13.73   -0.12   877.64   0.39   0.00   0.00   4.70   328.15
11.99   -2.31   877.89   0.37   0.03   0.00   2.29   114.84
16.63   -0.35   866.24   0.32   0.00   0.00   2.71   249.96
11.95   -3.02   883.56   0.35   0.02   0.00   2.14   121.91
22.36   -10.34   862.71   0.10   0.00   0.00   7.96   223.82
29.44   -6.87   869.96   0.09   0.00   0.00   4.58   239.41
19.37   -0.24   880.18   0.27   0.00   0.00   6.04   192.41
17.01   -1.20   874.07   0.29   0.00   0.00   8.14   320.70
4.37   -3.33   880.56   0.57   0.08   0.00   1.26   271.05
20.32   -2.40   879.87   0.22   0.03   0.00   2.09   271.97
21.02   -0.34   880.46   0.24   0.00   0.00   3.10   104.77
25.46   -0.25   873.37   0.18   0.15   0.00   5.15   165.59
21.59   -3.38   876.24   0.19   0.00   0.00   4.74   107.88
9.31   -2.56   882.49   0.43   0.08   0.00   1.47   304.84
26.02   -5.70   871.38   0.12   0.00   0.00   4.43   179.86
23.67   -4.19   882.60   0.15   0.00   0.00   4.24   177.70
17.32   7.81   879.85   0.54   0.00   0.00   1.87   226.02
13.92   6.32   876.12   0.60   0.00   0.00   2.27   159.30
30.21   -3.17   879.00   0.11   0.00   0.00   4.59   331.28
30.30   8.14   881.33   0.25   0.05   0.00   1.48   221.86
17.42   -14.04   869.29   0.10   0.00   0.00   1.66   231.83
25.08   -5.77   877.41   0.13   0.03   0.00   3.13   202.97
32.78   7.35   880.33   0.21   0.00   0.00   3.94   172.56
24.67   7.79   875.80   0.34   0.00   0.00   5.13   131.39
23.56   -2.07   885.55   0.18   0.00   0.00   2.76   202.17
15.53   -2.96   882.15   0.28   0.00   0.00   2.05   210.20
12.60   5.74   876.06   0.63   0.00   0.00   2.38   230.90
11.03   -1.83   881.73   0.41   0.00   0.00   2.74   296.48
10.27   -3.36   882.82   0.39   0.08   0.00   2.02   201.06
20.01   -1.95   871.65   0.23   0.00   0.00   5.46   333.97
23.58   3.81   868.77   0.28   0.00   0.00   2.34   145.99
13.90   -5.80   865.47   0.25   0.00   0.00   6.51   313.46
16.23   7.14   881.48   0.55   0.00   0.00   2.21   280.09
10.31   -3.97   876.66   0.37   0.05   0.00   3.12   154.94
23.93   -0.92   879.50   0.19   0.00   0.00   3.46   304.06
24.65   6.21   875.11   0.31   0.00   0.00   1.56   241.54
8.22   -10.79   869.61   0.25   0.00   0.00   5.38   334.57
25.73   -4.33   875.65   0.14   0.00   0.00   6.82   172.42
10.68   -2.45   878.86   0.40   0.03   0.00   2.58   209.31
18.17   -1.91   880.63   0.26   0.03   0.00   3.69   264.70
7.92   -2.86   881.29   0.47   0.00   0.00   1.11   151.21
29.01   9.11   880.18   0.29   0.00   0.00   2.58   140.34
33.51   6.53   879.25   0.19   0.05   0.00   4.04   184.83
22.61   -3.88   879.94   0.17   0.08   0.00   4.73   155.03
9.87   -2.21   884.17   0.43   0.00   0.00   1.74   207.14
15.61   -0.23   875.36   0.34   0.00   0.00   8.93   332.19
10.30   -3.29   868.10   0.38   0.00   0.00   5.45   326.98
8.63   -5.58   873.01   0.36   0.00   0.00   1.30   240.71
11.57   -2.00   866.10   0.39   0.00   0.00   2.44   170.22
21.06   6.81   875.86   0.40   0.00   0.00   2.04   265.88
22.14   -8.80   872.14   0.12   0.01   0.00   6.53   190.51
23.14   -5.02   876.56   0.15   0.00   0.00   2.03   196.83
20.65   -1.30   868.95   0.23   0.00   0.00   1.68   132.59
17.03   -5.58   872.41   0.21   0.00   0.00   3.42   238.10
